# Elapsed time   CPU (%)     Real (MB)   Virtual (MB)
       0.000        0.000       29.301     8792.730
       0.121      179.100       69.355     9119.645
       0.232      228.400       95.250     9198.645
       0.346      287.000      106.527     9198.645
       0.458      283.300      117.027     9198.645
       0.571      235.200      128.441     9723.707
       0.680      243.200      131.152     9723.707
       0.792      242.900      138.145     9723.707
       0.902      257.300      144.711     9723.707
       1.015      251.200      146.305     9723.707
       1.127      263.900      151.613     9723.707
       1.236      226.000      165.895     9796.707
       1.347      266.300      175.242     9796.707
       1.456      218.800      187.594     9796.707
       1.570      279.700      206.090     9797.707
       1.681      261.600      215.242     9797.707
       1.792      277.100      224.621     9797.707
       1.908      251.800      233.781     9797.707
       2.018      229.200      244.301     9797.707
       2.133      251.900      255.383     9797.707
       2.245      243.000      267.809     9797.707
       2.359      200.900      281.039     9797.707
       2.468      190.400      297.066     9805.707
       2.579      227.700      303.578     9870.707
       2.692      288.300      316.734    10066.730
       2.807      211.000      180.316    10069.730
       2.916      229.800      187.453    10068.785
       3.027      223.400      193.871    10068.785
       3.141      269.300      197.512    10068.785
       3.253      192.500      200.355    10263.785
       3.366        0.000      200.355    10263.785
