# Elapsed time   CPU (%)     Real (MB)   Virtual (MB)
       0.000        0.000       29.113     8205.742
       1.015      248.300      144.082     9527.719
       2.027      250.900      242.520     9605.719
       3.038      235.300      189.121     9873.797
       4.050      253.400      208.395     9873.797
       5.068      210.700      229.141     9872.797
       6.112      184.900      232.094     9871.797
       7.136      144.700      233.117     9871.797
       8.158      147.500      233.973     9871.797
       9.182      120.400      238.297     9871.797
      10.204      102.900      239.582     9872.797
      11.245      120.500      239.652     9872.797
      12.265       99.000      238.836     9871.797
      13.284      103.700      239.605     9872.797
      14.306       99.700      239.957     9872.797
      15.340       97.500      240.215     9872.797
      16.373       81.800      239.230     9871.797
      17.392       77.300      241.340     9873.797
      18.413       57.600      241.668     9874.797
      19.436       78.900      239.520     9871.797
      20.452       74.600      238.547     9870.797
      21.471       58.100      238.641     9870.797
      22.503       37.100      238.641     9870.797
      23.526       36.900      238.715     9870.797
      24.556       41.200      238.715     9870.797
      25.577       53.600      237.805     9869.797
      26.603       34.300      237.805     9869.797
      27.623       33.200      237.805     9869.797
      28.647       51.000      237.883     9869.797
      29.673       34.800      237.883     9869.797
      30.703       26.400      237.883     9869.797
      31.727       52.500      236.969     9868.797
      32.755       47.200      236.969     9868.797
      33.770       31.600      237.027     9868.797
      34.785       19.500      196.145     9821.531
      35.809       29.600      225.637     9861.797
      36.825       36.300      232.234     9865.797
      37.841       49.100      233.844     9865.797
      38.860       28.500      234.613     9866.797
      39.877       60.500      234.871     9866.797
      40.902       29.200      234.871     9866.797
      41.928       44.100      235.094     9866.797
      42.950       25.200      235.094     9866.797
      43.981       81.300      242.160     9873.797
      45.004       48.700      241.246     9872.797
      46.030       19.600      241.246     9872.797
      47.048       17.700      196.395     9821.531
      48.067       18.700      196.395     9821.531
      49.086       23.300      215.715     9849.797
      50.112       24.400      224.004     9860.797
      51.143       30.300      229.973     9862.797
      52.161       44.700      232.293     9864.797
      53.189       14.800      196.457     9821.531
      54.203       50.900      232.078     9864.797
      55.223       21.600      232.078     9864.797
      56.240       17.700      196.500     9821.531
      57.255       11.800      196.500     9821.531
      58.274       48.900      232.137     9864.797
      59.294       17.800      196.520     9821.531
      60.314       21.500      212.215     9845.797
      61.335       15.700      196.523     9821.531
      62.352       25.600      214.645     9848.797
      63.370       19.400      216.051     9850.797
      64.398       19.400      206.176     9840.797
      65.427       51.100      233.637     9865.797
      66.444       24.400      196.816     9821.531
      67.470       17.500      196.816     9821.531
      68.496       17.800      207.484     9840.797
      69.509       24.500      217.977     9851.797
      70.528       18.700      196.820     9821.531
      71.544       40.300      232.270     9864.797
      72.563       34.500      222.219     9855.797
      73.577       14.600      224.020     9857.797
      74.603       20.200      196.852     9821.531
      75.640       17.700      209.637     9842.797
      76.658       25.400      219.340     9853.797
      77.680       22.500      230.785     9864.797
      78.704       27.400      233.211     9864.797
      79.728       57.100      237.695     9868.797
      80.743       15.700      230.875     9862.797
      81.765       52.500      237.887     9869.797
      82.794       18.600      202.828     9839.797
      83.815       24.500      221.465     9855.797
      84.836       17.500      197.125     9821.531
      85.866       15.700      197.125     9821.531
      86.884       23.600      217.566     9850.797
      87.901       14.700      197.133     9821.531
      88.923       16.600      197.133     9821.531
      89.948       20.700      215.215     9848.797
      90.963       23.600      229.934     9863.797
      91.979       26.400      230.945     9863.797
      93.002       44.300      235.719     9866.797
      94.021       20.600      239.328     9870.797
      95.036       41.800      233.605     9864.797
      96.064       31.400      233.109     9864.797
      97.084       55.100      243.383     9873.797
      98.098       20.600      243.383     9873.797
      99.117       13.700      197.562     9821.531
     100.140       13.600      197.562     9821.531
     101.172       15.700      197.562     9821.531
     102.196       13.700      197.562     9821.531
     103.215       18.700      210.125     9843.797
     104.234       15.600      197.562     9821.531
     105.260       12.700      197.562     9821.531
     106.288       24.500      220.617     9853.797
     107.307       19.600      224.855     9857.797
     108.328       31.300      229.676     9862.797
     109.348       17.500      229.676     9862.797
     110.373       39.200      233.531     9865.797
     111.397       19.500      208.328     9840.797
     112.422       15.700      208.328     9840.797
     113.448       13.700      208.328     9840.797
     114.468       13.700      208.328     9840.797
     115.487       18.600      217.449     9849.797
     116.507       18.600      197.664     9821.531
     117.530       13.800      197.664     9821.531
     118.545       16.600      197.664     9821.531
     119.570       30.400      229.707     9862.797
     120.591       12.700      229.707     9862.797
     121.617       61.900      243.645     9873.797
     122.633       15.700      243.645     9873.797
     123.651       15.700      243.645     9873.797
     124.670       15.700      243.645     9873.797
     125.686       11.800      243.645     9873.797
     126.704       15.600      243.645     9873.797
     127.732       13.700      243.660     9873.797
     128.755       12.600      197.781     9821.531
     129.784       20.600      197.781     9821.531
     130.803       18.500      197.781     9821.531
     131.832       17.700      209.746     9841.797
     132.851       20.600      219.590     9851.797
     133.873       14.700      197.785     9821.531
     134.894       29.100      231.914     9864.797
     135.925       14.800      197.805     9821.531
     136.941       36.300      198.824     9821.531
     137.959       14.700      198.824     9821.531
     138.977       11.700      198.824     9821.531
     140.001       33.100      198.824     9821.531
     141.028       16.800      198.824     9821.531
     142.043       32.200      198.824     9821.531
     143.068       14.700      198.824     9821.531
     144.086       11.800      198.824     9821.531
     145.102       35.100      198.824     9821.531
     146.128       16.600      198.824     9821.531
     147.154       13.800      198.824     9821.531
     148.171       72.400      243.199     9872.797
     149.193       14.600      198.844     9821.531
     150.217       13.600      198.844     9821.531
     151.247       37.400      198.844     9821.531
     152.269       13.600      198.844     9821.531
     153.295       12.700      198.844     9821.531
     154.322       35.300      198.844     9821.531
     155.340       14.700      198.844     9821.531
     156.360       14.800      198.844     9821.531
     157.378       32.100      198.844     9821.531
     158.405       14.600      198.844     9821.531
     159.435       13.700      198.844     9821.531
     160.457       34.300      198.844     9821.531
     161.479       14.700      198.844     9821.531
     162.501       11.700      198.852     9821.531
     163.528       39.300      201.602     9821.531
     164.545       13.700      204.945     9821.531
     165.569       38.300      205.203     9821.531
     166.591       13.600      207.266     9821.531
     167.617       12.700      207.266     9821.531
     168.637       37.500      207.266     9821.531
     169.652       13.700      207.266     9821.531
     170.676       25.300      224.027     9846.797
     171.701       38.400      228.059     9851.797
     172.718       18.500      207.273     9821.531
     173.744       33.300      244.309     9865.797
     174.762       39.000      207.305     9821.531
     175.790       15.500      207.305     9821.531
     176.820       25.100      207.305     9821.531
     177.856       34.400      228.367     9850.797
     178.875       15.700      213.340     9821.531
     179.896       12.700      220.043     9821.531
     180.920       14.700      235.770     9821.531
     181.944       17.600      252.785     9821.531
     182.965       16.700      269.801     9821.531
     183.986       15.700      286.809     9821.531
     185.008       15.700      303.824     9821.531
     186.028       15.600      319.809     9821.531
     187.051       15.700      331.008     9821.531
     188.070       12.800      331.008     9821.531
     189.087       12.700      331.008     9821.531
     190.110       12.700      331.008     9821.531
     191.134       11.700      331.258     9821.531
     192.161       11.800      331.258     9821.531
     193.179       15.600      331.258     9821.531
     194.205       11.800      331.258     9821.531
     195.224       14.700      335.641     9821.531
     196.242       12.700      335.641     9821.531
     197.265       14.600      335.641     9821.531
     198.291       11.800      335.641     9821.531
     199.313       13.600      335.641     9821.531
     200.338       12.800      335.641     9821.531
     201.356       13.800      335.641     9821.531
     202.370       10.700      335.641     9821.531
     203.396       17.700      335.641     9821.531
     204.416       11.700      335.641     9821.531
     205.439       12.700      335.641     9821.531
     206.463       12.700      335.641     9821.531
     207.489       11.800      335.641     9821.531
     208.502       13.700      335.641     9821.531
     209.527       11.800      335.641     9821.531
     210.545       17.600      337.703     9821.531
     211.566       13.600      337.703     9821.531
     212.592       10.800      337.703     9821.531
     213.610       11.800      337.703     9821.531
     214.626       12.800      337.703     9821.531
     215.643       14.600      337.703     9821.531
     216.669       12.700      337.703     9821.531
     217.696       13.700      337.703     9821.531
     218.718       15.600      337.961     9821.531
     219.740       12.700      337.961     9821.531
     220.766       13.700      337.961     9821.531
     221.791       16.700      351.617     9843.797
     222.810       33.500      377.207     9869.797
     223.827       40.100      382.824     9873.797
     224.846       12.700      337.984     9821.531
     225.869       12.800      337.984     9821.531
     226.882       16.600      337.984     9821.531
     227.904       15.700      337.984     9821.531
     228.927       11.700      337.984     9821.531
     229.953       10.800      337.984     9821.531
     230.975       31.400      374.137     9864.797
     231.993       13.700      337.988     9821.531
     233.013       56.800      383.551     9873.797
     234.034       20.700      339.828     9821.531
     235.049       12.800      339.828     9821.531
     236.068       12.700      339.828     9821.531
     237.088       11.700      339.828     9821.531
     238.116       13.700      339.828     9821.531
     239.135       12.700      339.828     9821.531
     240.156       14.600      339.828     9821.531
     241.181       13.700      339.828     9821.531
     242.199       17.700      339.828     9821.531
     243.216       15.700      339.828     9821.531
     244.236       12.800      339.828     9821.531
     245.254       14.600      339.828     9821.531
     246.278       13.800      339.828     9821.531
     247.299       10.700      339.828     9821.531
     248.320       13.700      339.828     9821.531
     249.344       24.400      358.793     9846.797
     250.367       14.700      341.895     9821.531
     251.384       14.600      341.895     9821.531
     252.410       12.800      341.895     9821.531
     253.430       11.800      341.895     9821.531
     254.448       14.600      341.895     9821.531
     255.480       12.700      341.895     9821.531
     256.499       20.600      341.895     9821.531
     257.526       13.600      341.895     9821.531
     258.545       13.700      341.895     9821.531
     259.568       12.700      341.895     9821.531
     260.588       13.600      341.895     9821.531
     261.612       11.700      341.895     9821.531
     262.636       17.700      341.895     9821.531
     263.653       13.700      341.895     9821.531
     264.674       19.700      341.895     9821.531
     265.691       14.700      341.895     9821.531
     266.710       13.800      341.895     9821.531
     267.723       11.700      341.895     9821.531
     268.743       14.800      341.895     9821.531
     269.759       14.600      341.895     9821.531
     270.787       13.600      341.895     9821.531
     271.817       17.500      343.184     9821.531
     272.846       11.800      343.184     9821.531
     273.866       11.700      343.184     9821.531
     274.894       31.500      378.793     9864.797
     275.910       13.700      343.195     9821.531
     276.930       13.700      343.195     9821.531
     277.949       12.700      343.195     9821.531
     278.974       13.700      343.195     9821.531
     279.993       16.700      343.195     9821.531
     281.010       14.700      343.195     9821.531
     282.036       12.700      343.195     9821.531
     283.052       10.600      343.195     9821.531
     284.091       12.700      343.195     9821.531
     285.113       12.700      343.195     9821.531
     286.140       14.700      343.195     9821.531
     287.161       17.700      343.453     9821.531
     288.185       11.700      343.453     9821.531
     289.210       15.700      343.453     9821.531
     290.226       12.700      343.453     9821.531
     291.249       14.600      343.453     9821.531
     292.278       12.700      343.453     9821.531
     293.303       12.700      343.453     9821.531
     294.329       11.700      343.453     9821.531
     295.349       18.700      343.453     9821.531
     296.362       13.800      343.453     9821.531
     297.382       10.800      343.453     9821.531
     298.401       12.700      343.453     9821.531
     299.426       12.700      343.453     9821.531
     300.447       14.700      343.453     9821.531
     301.468       13.600      343.453     9821.531
     302.495       18.700      343.488     9821.531
     303.511       13.800      343.488     9821.531
     304.528       12.700      343.488     9821.531
     305.551       13.800      343.488     9821.531
     306.569       11.700      343.488     9821.531
     307.596       11.700      343.488     9821.531
     308.620       13.700      343.488     9821.531
     309.638       11.800      343.488     9821.531
     310.654       17.500      343.488     9821.531
     311.681       13.700      343.488     9821.531
     312.701       13.700      343.488     9821.531
     313.722       13.800      343.488     9821.531
     314.737       11.800      343.488     9821.531
     315.755       11.800      343.488     9821.531
     316.773       13.700      343.488     9821.531
     317.793       36.300      379.273     9864.797
     318.814       12.600      343.504     9821.531
     319.842       13.800      343.504     9821.531
     320.858       12.800      343.504     9821.531
     321.877       11.800      343.504     9821.531
     322.893       13.700      343.504     9821.531
     323.916       10.800      343.504     9821.531
     324.935       13.700      343.504     9821.531
     325.957       18.700      343.504     9821.531
     326.973       11.700      343.504     9821.531
     328.002       14.600      343.504     9821.531
     329.025       17.600      343.504     9821.531
     330.051       11.700      343.504     9821.531
     331.074       11.800      343.504     9821.531
     332.089       12.700      343.504     9821.531
     333.109       18.500      343.504     9821.531
     334.137       12.800      343.504     9821.531
     335.157       12.800      343.504     9821.531
     336.173       12.800      343.504     9821.531
     337.184       13.700      343.504     9821.531
     338.208       13.700      343.504     9821.531
     339.226       20.500      363.023     9849.797
     340.250       20.400      343.508     9821.531
     341.280       12.800      343.508     9821.531
     342.309       11.600      343.508     9821.531
     343.328       14.600      343.508     9821.531
     344.350       12.800      343.508     9821.531
     345.369       14.600      343.508     9821.531
     346.397       12.700      343.508     9821.531
     347.421       15.700      343.527     9821.531
     348.439       18.600      343.527     9821.531
     349.459       75.100      387.949     9872.797
     350.484       14.700      343.641     9821.531
     351.507       18.500      343.641     9821.531
     352.535       11.800      343.641     9821.531
     353.552       12.700      343.641     9821.531
     354.576       12.700      343.641     9821.531
     355.602       18.600      343.641     9821.531
     356.623       11.800      343.641     9821.531
     357.640       13.700      343.641     9821.531
     358.659       11.800      343.641     9821.531
     359.678       13.800      343.641     9821.531
     360.697       12.600      343.641     9821.531
     361.726       12.700      343.641     9821.531
     362.744       18.800      343.641     9821.531
     363.760       12.700      343.641     9821.531
     364.780       19.600      356.137     9842.797
     365.802       12.600      343.645     9821.531
     366.831       13.700      343.645     9821.531
     367.852       11.800      343.645     9821.531
     368.871       13.600      343.645     9821.531
     369.899       18.600      343.645     9821.531
     370.924       12.700      343.645     9821.531
     371.948       13.800      343.645     9821.531
     372.963       13.600      343.645     9821.531
     373.992       13.700      343.645     9821.531
     375.015       12.700      343.645     9821.531
     376.041       14.700      343.645     9821.531
     377.059       18.700      343.645     9821.531
     378.076       11.800      343.645     9821.531
     379.091       14.600      343.645     9821.531
     380.116       12.700      343.645     9821.531
     381.137       13.700      343.645     9821.531
     382.159       12.800      343.645     9821.531
     383.176       15.700      343.645     9821.531
     384.195       15.600      343.645     9821.531
     385.221       11.800      343.645     9821.531
     386.240       12.700      343.645     9821.531
     387.264       13.700      343.645     9821.531
     388.288       13.700      343.645     9821.531
     389.309       12.700      343.645     9821.531
     390.334       17.500      343.645     9821.531
     391.360       13.600      343.645     9821.531
     392.387       12.800      343.645     9821.531
     393.408       13.700      343.645     9821.531
     394.427       12.700      343.645     9821.531
     395.453       10.700      343.645     9821.531
     396.483       26.500      343.645     9821.531
     397.502       12.700      343.645     9821.531
     398.526       11.800      343.645     9821.531
     399.542       14.700      343.645     9821.531
     400.561       12.700      343.645     9821.531
     401.583       12.700      343.645     9821.531
     402.612       12.800      343.645     9821.531
     403.629       14.800      343.645     9821.531
     404.645       12.600      343.645     9821.531
     405.679       13.700      343.645     9821.531
     406.700       11.700      343.645     9821.531
     407.722       12.700      343.645     9821.531
     408.746       12.700      343.645     9821.531
     409.764       10.800      343.645     9821.531
     410.781       18.600      343.645     9821.531
     411.804       13.600      343.645     9821.531
     412.830       13.600      343.645     9821.531
     413.862       12.600      343.645     9821.531
     414.889       12.800      343.645     9821.531
     415.906       13.800      343.645     9821.531
     416.924       16.600      343.645     9821.531
     417.952       13.600      343.645     9821.531
     418.976       12.700      343.645     9821.531
     419.997       12.800      343.645     9821.531
     421.016       11.800      343.645     9821.531
     422.037       12.800      343.645     9821.531
     423.054       11.700      343.645     9821.531
     424.078       18.700      343.645     9821.531
     425.095       13.700      343.645     9821.531
     426.117       14.800      343.645     9821.531
     427.132       12.800      343.645     9821.531
     428.149       12.700      343.645     9821.531
     429.170       13.700      343.645     9821.531
     430.192       21.500      343.645     9821.531
     431.213       14.800      343.645     9821.531
     432.226       12.700      343.645     9821.531
     433.254       12.800      343.645     9821.531
     434.270       13.700      343.645     9821.531
     435.295       12.700      343.645     9821.531
     436.316       14.700      343.645     9821.531
     437.334       13.700      343.645     9821.531
     438.359       11.700      343.645     9821.531
     439.380       13.800      343.645     9821.531
     440.400       13.700      343.645     9821.531
     441.416       11.800      343.645     9821.531
     442.436       18.700      343.902     9821.531
     443.450       13.800      343.902     9821.531
     444.464       14.700      343.902     9821.531
     445.485       12.600      343.902     9821.531
     446.512       11.800      343.902     9821.531
     447.530       13.600      343.902     9821.531
     448.557       18.600      344.676     9821.531
     449.578       12.800      344.676     9821.531
     450.596       14.600      344.676     9821.531
     451.622       12.800      344.676     9821.531
     452.640       14.500      344.676     9821.531
     453.672       12.800      344.676     9821.531
     454.689       18.600      345.707     9821.531
     455.708       10.800      345.707     9821.531
     456.730       11.700      345.707     9821.531
     457.757       14.700      345.707     9821.531
     458.773       11.800      345.707     9821.531
     459.792       11.800      345.707     9821.531
     460.811       17.500      346.738     9821.531
     461.837       13.800      346.738     9821.531
     462.855       13.700      346.738     9821.531
     463.877       12.700      346.738     9821.531
     464.894       12.600      346.738     9821.531
     465.924       10.700      346.738     9821.531
     466.946       15.700      347.254     9821.531
     467.967       15.700      347.254     9821.531
     468.989       15.700      359.098     9841.797
     470.011       12.700      347.254     9821.531
     471.040       11.700      347.254     9821.531
     472.062       12.700      347.254     9821.531
     473.085       15.700      347.254     9821.531
     474.104       11.700      347.254     9821.531
     475.129       13.700      347.254     9821.531
     476.149       10.800      347.254     9821.531
     477.174       13.700      347.254     9821.531
     478.191       11.600      347.254     9821.531
     479.225       16.600      347.254     9821.531
     480.245       13.600      347.254     9821.531
     481.273       12.700      347.254     9821.531
     482.295       13.700      347.254     9821.531
     483.313       11.900      347.254     9821.531
     484.325       16.700      347.254     9821.531
     485.345       13.700      347.254     9821.531
     486.368       13.700      347.254     9821.531
     487.390       13.800      347.254     9821.531
     488.407       12.700      347.254     9821.531
     489.433       14.800      347.254     9821.531
     490.451       15.600      347.254     9821.531
     491.473       10.800      347.254     9821.531
     492.489       14.700      347.254     9821.531
     493.507       12.800      347.254     9821.531
     494.525       12.800      347.254     9821.531
     495.539       13.600      347.254     9821.531
     496.568       15.700      347.512     9821.531
     497.588       13.700      347.512     9821.531
     498.611       14.600      347.512     9821.531
     499.635       14.600      347.512     9821.531
     500.660       11.700      347.512     9821.531
     501.681       12.800      347.512     9821.531
     502.700       15.700      347.512     9821.531
     503.720       11.700      347.512     9821.531
     504.742       14.700      347.512     9821.531
     505.767       10.800      347.512     9821.531
     506.783       12.700      347.512     9821.531
     507.809       19.700      347.512     9821.531
     508.824       13.800      347.512     9821.531
     509.841       12.800      347.512     9821.531
     510.862       13.700      347.512     9821.531
     511.879       12.800      347.512     9821.531
     512.898       12.600      347.512     9821.531
     513.926       15.700      347.512     9821.531
     514.949       12.700      347.512     9821.531
     515.969       13.700      347.512     9821.531
     516.991       10.800      347.512     9821.531
     518.008       12.700      347.512     9821.531
     519.028       19.500      347.777     9821.531
     520.061       14.600      347.777     9821.531
     521.079       36.400      347.777     9821.531
     522.100       13.600      347.777     9821.531
     523.120       14.700      347.777     9821.531
     524.143       11.800      347.777     9821.531
     525.157       17.700      347.777     9821.531
     526.177       13.700      347.777     9821.531
     527.205       13.700      347.777     9821.531
     528.223       13.600      347.777     9821.531
     529.256       14.500      347.777     9821.531
     530.286       13.500      347.777     9821.531
     531.318       17.700      347.777     9821.531
     532.336       15.700      347.777     9821.531
     533.357       16.700      347.777     9821.531
     534.372       15.700      347.777     9821.531
     535.392       18.700      347.777     9821.531
     536.409       16.600      347.777     9821.531
     537.444       12.500      347.777     9821.531
     538.478       12.800      347.777     9821.531
     539.495       15.500      347.777     9821.531
     540.530       17.400      347.777     9821.531
     541.568       11.700      347.777     9821.531
     542.604       11.600      347.777     9821.531
     543.626       13.700      347.777     9821.531
     544.650       12.800      347.777     9821.531
     545.667       12.800      347.777     9821.531
     546.688       18.600      347.777     9821.531
     547.711       11.700      347.777     9821.531
     548.733       13.800      347.777     9821.531
     549.747       11.700      347.777     9821.531
     550.772       10.800      347.777     9821.531
     551.793       16.700      347.777     9821.531
     552.810       12.800      347.777     9821.531
     553.827       12.700      347.777     9821.531
     554.856       13.700      347.777     9821.531
     555.875       17.600      347.777     9821.531
     556.909       19.300      347.777     9821.531
     557.932        9.900      347.777     9821.531
     558.946       11.800      347.777     9821.531
     559.962       13.800      347.777     9821.531
     560.984       12.700      347.777     9821.531
     562.008       16.700      347.777     9821.531
     563.027       12.700      347.777     9821.531
     564.048       10.700      347.777     9821.531
     565.073       14.700      347.777     9821.531
     566.096       13.700      347.777     9821.531
     567.115       18.700      347.777     9821.531
     568.132       11.700      347.777     9821.531
     569.160       13.700      347.777     9821.531
     570.180       13.600      347.777     9821.531
     571.207       13.800      347.777     9821.531
     572.225       14.600      347.777     9821.531
     573.252       16.600      347.777     9821.531
     574.274       10.800      347.777     9821.531
     575.297       14.600      347.777     9821.531
     576.320       13.700      347.777     9821.531
     577.341       19.500      369.352     9851.797
     578.364       15.600      347.785     9821.531
     579.391       13.700      347.785     9821.531
     580.412       13.700      347.785     9821.531
     581.433       11.700      347.785     9821.531
     582.460       13.600      347.785     9821.531
     583.490       16.600      347.785     9821.531
     584.515       12.800      347.785     9821.531
     585.535       13.700      347.785     9821.531
     586.555       13.600      347.785     9821.531
     587.580       12.600      347.785     9821.531
     588.609       16.700      347.785     9821.531
     589.629       11.700      347.785     9821.531
     590.660       13.600      347.785     9821.531
     591.681       12.800      347.785     9821.531
     592.699       13.700      347.785     9821.531
     593.719       85.500      350.223     9821.531
     594.741       14.700      350.223     9821.531
     595.760       11.800      350.223     9821.531
     596.780       12.800      350.223     9821.531
     597.807       14.500      350.223     9821.531
     598.831       15.700      350.223     9821.531
     599.864       13.700      350.223     9821.531
     600.876       12.800      350.223     9821.531
     601.903       12.600      350.223     9821.531
     602.921       14.600      350.223     9821.531
     603.945       48.900      350.223     9821.531
     604.966       38.200      352.285     9821.531
     605.987       13.800      352.285     9821.531
     607.004       12.700      352.285     9821.531
     608.024       11.700      352.285     9821.531
     609.051       15.700      352.285     9821.531
     610.072       12.600      352.285     9821.531
     611.104       13.600      352.285     9821.531
     612.130       12.800      352.285     9821.531
     613.143       11.800      352.285     9821.531
     614.158       14.500      352.285     9821.531
     615.191       73.100      352.285     9821.531
     616.220       12.800      352.285     9821.531
     617.236       11.700      352.285     9821.531
     618.259       12.700      352.285     9821.531
     619.281       15.600      352.285     9821.531
     620.302       12.700      352.285     9821.531
     621.326       14.700      352.285     9821.531
     622.346       12.800      352.285     9821.531
     623.360       11.700      352.285     9821.531
     624.383       86.500      352.285     9821.531
     625.410       11.800      352.285     9821.531
     626.432       12.700      352.285     9821.531
     627.446       10.900      352.285     9821.531
     628.460       12.700      352.285     9821.531
     629.486       13.800      352.285     9821.531
     630.504       11.900      352.285     9821.531
     631.516       12.700      352.285     9821.531
     632.535       11.600      352.285     9821.531
     633.568       13.600      352.285     9821.531
     634.597       79.500      352.285     9821.531
     635.615       13.600      352.285     9821.531
     636.643       11.800      352.285     9821.531
     637.660       12.700      352.285     9821.531
     638.687       12.700      352.285     9821.531
     639.710       16.700      352.285     9821.531
     640.734       13.600      352.285     9821.531
     641.760       12.700      352.285     9821.531
     642.782       12.700      352.285     9821.531
     643.809       19.400      352.285     9821.531
     644.838       66.400      352.285     9821.531
     645.864       13.700      352.285     9821.531
     646.886       11.800      352.285     9821.531
     647.903       14.700      352.285     9821.531
     648.926       15.700      352.285     9821.531
     649.946       11.800      352.285     9821.531
     650.962       12.800      352.285     9821.531
     651.980       11.700      352.285     9821.531
     653.003       12.800      352.285     9821.531
     654.024       81.200      352.285     9821.531
     655.045       12.700      352.285     9821.531
     656.069       11.700      352.285     9821.531
     657.094       14.800      352.285     9821.531
     658.108       18.600      352.285     9821.531
     659.129       12.700      352.285     9821.531
     660.157       11.700      352.285     9821.531
     661.178       13.700      352.285     9821.531
     662.200       12.700      352.285     9821.531
     663.224       79.900      352.285     9821.531
     664.244       12.600      352.285     9821.531
     665.275       16.500      352.285     9821.531
     666.299       13.700      352.285     9821.531
     667.323       17.600      352.285     9821.531
     668.346       13.700      352.285     9821.531
     669.365       10.800      352.285     9821.531
     670.380       13.700      352.285     9821.531
     671.400       11.700      352.285     9821.531
     672.428       70.300      352.285     9821.531
     673.452       13.700      352.285     9821.531
     674.480       13.700      352.285     9821.531
     675.500       11.800      352.285     9821.531
     676.518       15.800      352.285     9821.531
     677.536       13.600      352.285     9821.531
     678.562       12.600      352.285     9821.531
     679.590       13.800      352.285     9821.531
     680.612       69.100      352.285     9821.531
     681.633       12.700      352.285     9821.531
     682.655       12.700      352.285     9821.531
     683.676       12.700      352.285     9821.531
     684.702       14.700      352.285     9821.531
     685.721       12.600      352.285     9821.531
     686.751       13.800      352.285     9821.531
     687.768       12.700      352.285     9821.531
     688.804       31.000      352.285     9821.531
     689.825       55.400      352.285     9821.531
     690.851       12.800      352.285     9821.531
     691.867       12.700      352.285     9821.531
     692.887       12.700      352.285     9821.531
     693.910       17.800      352.285     9821.531
     694.925       13.800      352.285     9821.531
     695.948       11.600      352.285     9821.531
     696.976       13.700      352.285     9821.531
     697.999       83.900      352.285     9821.531
     699.023       11.800      352.285     9821.531
     700.044       13.700      352.285     9821.531
     701.063       13.500      352.285     9821.531
     702.102       14.700      352.285     9821.531
     703.120       12.700      352.285     9821.531
     704.140       11.700      352.285     9821.531
     705.162       13.700      352.285     9821.531
     706.181       89.700      352.285     9821.531
     707.207       12.700      352.285     9821.531
     708.226       11.800      352.285     9821.531
     709.242       13.800      352.285     9821.531
     710.259       15.600      352.285     9821.531
     711.288       12.800      352.285     9821.531
     712.306       10.800      352.285     9821.531
     713.332       12.700      352.285     9821.531
     714.351       81.500      352.285     9821.531
     715.379       13.500      352.285     9821.531
     716.403       12.700      352.285     9821.531
     717.425       10.800      352.285     9821.531
     718.441       16.700      352.285     9821.531
     719.460       12.700      352.285     9821.531
     720.484       13.800      352.285     9821.531
     721.502       11.800      352.285     9821.531
     722.518       82.600      352.285     9821.531
     723.536       11.700      352.285     9821.531
     724.558       13.600      352.285     9821.531
     725.586       11.700      352.285     9821.531
     726.610       17.500      352.285     9821.531
     727.642       12.700      352.285     9821.531
     728.666       14.700      352.285     9821.531
     729.689       12.700      352.285     9821.531
     730.713       88.200      352.285     9821.531
     731.734       14.700      352.285     9821.531
     732.751       13.800      352.285     9821.531
     733.768       11.800      352.285     9821.531
     734.788       15.700      352.285     9821.531
     735.806       11.800      352.285     9821.531
     736.826       12.700      352.285     9821.531
     737.850       11.800      352.285     9821.531
     738.866       92.600      352.285     9821.531
     739.896       16.600      352.285     9821.531
     740.919       13.800      352.285     9821.531
     741.937       14.600      352.285     9821.531
     742.961       13.800      352.285     9821.531
     743.976       16.700      352.285     9821.531
     744.996       10.800      352.285     9821.531
     746.021       87.500      354.258     9821.531
     747.046       14.600      360.188     9821.531
     748.071       12.700      360.188     9821.531
     749.093       11.700      360.188     9821.531
     750.118       15.700      360.188     9821.531
     751.137       11.700      360.188     9821.531
     752.163       13.700      360.188     9821.531
     753.186       17.600      373.996     9843.797
     754.205       82.100      360.445     9821.531
     755.229       11.800      360.445     9821.531
     756.245       11.800      360.445     9821.531
     757.260       11.700      360.445     9821.531
     758.283       15.800      360.445     9821.531
     759.297       11.700      360.445     9821.531
     760.320       11.800      360.445     9821.531
     761.353       12.500      360.445     9821.531
     762.380       91.800      360.445     9821.531
     763.404       11.800      360.445     9821.531
     764.421       11.700      360.445     9821.531
     765.444       13.700      360.445     9821.531
     766.471       16.600      360.445     9821.531
     767.500       12.700      360.445     9821.531
     768.519       14.700      360.445     9821.531
     769.539       12.800      360.445     9821.531
     770.555      100.800      360.445     9821.531
     771.570       10.800      360.445     9821.531
     772.584       12.800      360.445     9821.531
     773.607       13.700      360.445     9821.531
     774.630       17.600      360.445     9821.531
     775.652       12.700      360.445     9821.531
     776.673       13.700      360.445     9821.531
     777.698       13.700      360.445     9821.531
     778.722       90.100      364.539     9821.531
     779.745       15.700      364.539     9821.531
     780.759       12.700      364.539     9821.531
     781.784       17.500      364.539     9821.531
     782.813       12.800      364.539     9821.531
     783.832       12.700      364.539     9821.531
     784.857       13.800      364.539     9821.531
     785.875       88.900      364.797     9821.531
     786.910       13.700      364.797     9821.531
     787.932       11.600      364.797     9821.531
     788.972       12.700      364.797     9821.531
     789.990       14.700      364.797     9821.531
     791.011       11.700      364.797     9821.531
     792.042       11.600      364.797     9821.531
     793.071       12.700      364.797     9821.531
     794.096       61.500      364.797     9821.531
     795.127       43.900      364.797     9821.531
     796.148       13.600      364.797     9821.531
     797.176       13.600      364.797     9821.531
     798.203       13.700      364.797     9821.531
     799.223       12.800      364.797     9821.531
     800.240       12.800      364.797     9821.531
     801.257       14.600      364.797     9821.531
     802.281       95.400      368.645     9821.531
     803.297       14.800      373.027     9821.531
     804.312       12.800      373.027     9821.531
     805.330       14.600      373.027     9821.531
     806.357       16.700      373.027     9821.531
     807.373       11.700      373.027     9821.531
     808.403       13.800      373.027     9821.531
     809.422       13.700      373.027     9821.531
     810.442       94.400      373.027     9821.531
     811.459       13.700      373.027     9821.531
     812.480       11.700      373.027     9821.531
     813.504       13.700      373.027     9821.531
     814.523       16.700      373.027     9821.531
     815.539       14.700      373.027     9821.531
     816.561       14.600      373.027     9821.531
     817.586       10.700      373.027     9821.531
     818.612       98.200      373.027     9821.531
     819.629       12.700      373.027     9821.531
     820.661       11.600      373.027     9821.531
     821.685       12.600      373.027     9821.531
     822.716       12.700      373.027     9821.531
     823.742       13.700      373.027     9821.531
     824.764       12.700      373.027     9821.531
     825.788       12.700      373.027     9821.531
     826.808       97.800      377.910     9821.531
     827.833       13.700      381.262     9821.531
     828.854       12.800      381.262     9821.531
     829.872       12.700      381.262     9821.531
     830.891       18.500      381.262     9821.531
     831.919       11.700      381.262     9821.531
     832.941       13.700      381.262     9821.531
     833.964       14.600      381.262     9821.531
     834.988       91.700      381.262     9821.531
     836.014       11.800      381.262     9821.531
     837.030       12.800      381.262     9821.531
     838.047       13.700      381.262     9821.531
     839.069       12.700      381.262     9821.531
     840.090       16.600      381.262     9821.531
     841.111       13.700      381.262     9821.531
     842.131       11.700      381.262     9821.531
     843.157       13.700      381.262     9821.531
     844.179       90.800      381.262     9821.531
     845.203       11.800      381.262     9821.531
     846.219       14.700      381.262     9821.531
     847.241       12.800      381.262     9821.531
     848.259       16.700      381.262     9821.531
     849.277       10.800      381.262     9821.531
     850.293       13.700      381.262     9821.531
     851.318       11.800      381.262     9821.531
     852.335       12.800      381.262     9821.531
     853.354       98.000      385.375     9821.531
     854.374       13.800      385.375     9821.531
     855.391       12.600      385.375     9821.531
     856.417       12.700      385.375     9821.531
     857.444       16.600      385.375     9821.531
     858.468       11.700      385.375     9821.531
     859.497       13.800      385.375     9821.531
     860.512       11.800      385.375     9821.531
     861.531      105.700      385.375     9821.531
     862.550       13.800      385.375     9821.531
     863.565       11.800      385.375     9821.531
     864.586       11.800      385.375     9821.531
     865.600       14.800      385.375     9821.531
     866.615       11.800      385.375     9821.531
     867.628       12.700      385.375     9821.531
     868.652       11.800      385.375     9821.531
     869.673       12.700      385.375     9821.531
     870.694       95.300      385.375     9821.531
     871.714       11.700      385.375     9821.531
     872.738       11.700      385.375     9821.531
     873.759       13.700      385.375     9821.531
     874.779       14.800      385.375     9821.531
     875.794       10.800      385.375     9821.531
     876.815       12.700      385.375     9821.531
     877.839       13.700      385.375     9821.531
     878.859      102.900      387.676     9821.531
     879.880       12.700      393.348     9821.531
     880.899       12.700      393.348     9821.531
     881.923       10.700      393.348     9821.531
     882.946       15.600      393.348     9821.531
     883.967       11.800      393.348     9821.531
     884.985       13.700      393.348     9821.531
     886.011       13.700      393.348     9821.531
     887.028       13.700      393.348     9821.531
     888.048      100.000      393.863     9821.531
     889.068       12.800      393.863     9821.531
     890.083       10.800      393.863     9821.531
     891.103       13.800      393.863     9821.531
     892.120       17.400      393.863     9821.531
     893.149       13.600      393.863     9821.531
     894.176       13.700      393.863     9821.531
     895.204       12.700      393.863     9821.531
     896.225       11.700      393.863     9821.531
     897.248       99.600      393.863     9821.531
     898.273       13.600      393.863     9821.531
     899.298       15.500      393.863     9821.531
     900.330       10.800      393.863     9821.531
     901.347       18.600      393.863     9821.531
     902.367       14.700      393.863     9821.531
     903.386       12.800      393.863     9821.531
     904.404       11.900      393.863     9821.531
     905.418       13.700      393.863     9821.531
     906.442      103.000      401.840     9821.531
     907.461       15.700      401.840     9821.531
     908.479       12.700      401.840     9821.531
     909.505       14.500      401.840     9821.531
     910.537       15.700      401.840     9821.531
     911.556       12.600      401.840     9821.531
     912.584       11.800      401.840     9821.531
     913.602       12.700      401.840     9821.531
     914.627       17.700      401.840     9821.531
     915.643       94.400      401.840     9821.531
     916.661       13.800      401.840     9821.531
     917.674       12.700      401.840     9821.531
     918.701       14.700      401.840     9821.531
     919.724       18.600      401.840     9821.531
     920.744       12.800      401.840     9821.531
     921.765       12.600      401.840     9821.531
     922.788       13.700      401.840     9821.531
     923.806       12.800      401.840     9821.531
     924.827      102.800      401.840     9821.531
     925.846       11.800      401.840     9821.531
     926.863       13.800      401.840     9821.531
     927.880       12.800      401.840     9821.531
     928.899       12.600      401.840     9821.531
     929.931       16.700      401.840     9821.531
     930.948       11.900      401.840     9821.531
     931.960       13.700      401.840     9821.531
     932.981       12.700      401.840     9821.531
     934.003       10.700      401.840     9821.531
     935.024      105.400      405.949     9821.531
     936.040       12.700      405.949     9821.531
     937.067       12.700      405.949     9821.531
     938.092       11.800      405.949     9821.531
     939.111       16.600      405.949     9821.531
     940.134       11.700      405.949     9821.531
     941.156       11.700      405.949     9821.531
     942.178       12.600      405.949     9821.531
     943.206       14.600      405.949     9821.531
     944.232      103.300      406.207     9821.531
     945.259       13.700      406.207     9821.531
     946.283       14.700      411.680     9839.797
     947.306       14.800      419.086     9842.797
     948.322       12.600      406.211     9821.531
     949.351       16.800      406.211     9821.531
     950.364       13.800      406.211     9821.531
     951.382       13.700      406.211     9821.531
     952.400       13.600      406.211     9821.531
     953.426       11.800      406.211     9821.531
     954.442      109.400      406.469     9821.531
     955.459       13.600      406.469     9821.531
     956.487       14.700      406.469     9821.531
     957.505       13.700      406.469     9821.531
     958.530       18.600      406.469     9821.531
     959.556       11.700      406.469     9821.531
     960.579       14.700      406.469     9821.531
     961.604       14.600      406.469     9821.531
     962.627       10.700      406.469     9821.531
     963.654      111.500      412.621     9821.531
     964.668       14.800      414.426     9821.531
     965.682       12.700      414.426     9821.531
     966.703       16.700      414.426     9821.531
     967.723       16.800      414.426     9821.531
     968.735       14.600      414.426     9821.531
     969.760        9.800      414.426     9821.531
     970.781       12.800      414.426     9821.531
     971.798       13.800      414.426     9821.531
     972.814      101.000      414.684     9821.531
     973.836       13.800      414.684     9821.531
     974.856       11.700      414.684     9821.531
     975.878       13.700      414.684     9821.531
     976.899       11.800      414.684     9821.531
     977.914       18.600      414.684     9821.531
     978.935       14.700      414.684     9821.531
     979.980       21.100      414.684     9821.531
     981.000       13.800      414.684     9821.531
     982.019       13.700      414.684     9821.531
     983.041      111.100      422.684     9821.531
     984.059       73.100      467.105     9872.797
     985.082       12.700      422.824     9821.531
     986.103       12.700      422.824     9821.531
     987.126       17.500      422.824     9821.531
     988.158       11.700      422.824     9821.531
     989.179       13.800      422.824     9821.531
     990.192       13.700      422.824     9821.531
     991.216       11.800      422.824     9821.531
     992.235       62.000      422.824     9821.531
     993.253       68.100      423.082     9821.531
     994.281       10.700      423.082     9821.531
     995.310       13.700      423.082     9821.531
     996.332       11.700      423.082     9821.531
     997.354       14.600      423.082     9821.531
     998.384       13.700      423.082     9821.531
     999.400       16.700      423.082     9821.531
    1000.418       13.700      423.082     9821.531
    1001.438       13.700      423.082     9821.531
    1002.460      108.800      423.082     9821.531
    1003.482       14.600      423.082     9821.531
    1004.507       12.700      423.082     9821.531
    1005.529       13.800      423.082     9821.531
    1006.547       11.800      423.082     9821.531
    1007.569       13.700      423.082     9821.531
    1008.591       13.700      423.082     9821.531
    1009.613       12.800      423.082     9821.531
    1010.633       11.800      423.082     9821.531
    1011.651       13.700      423.082     9821.531
    1012.673      104.400      423.582     9821.531
    1013.699       17.700      427.191     9821.531
    1014.718       13.800      427.191     9821.531
    1015.734       13.700      427.191     9821.531
    1016.755       13.800      427.191     9821.531
    1017.770       14.700      427.191     9821.531
    1018.793       13.700      427.191     9821.531
    1019.818       12.700      427.191     9821.531
    1020.846       11.800      427.191     9821.531
    1021.860       10.700      427.191     9821.531
    1022.884      114.000      435.180     9821.531
    1023.903       12.700      435.180     9821.531
    1024.926       13.700      435.180     9821.531
    1025.947       10.800      435.180     9821.531
    1026.963       14.700      435.180     9821.531
    1027.987       11.700      435.180     9821.531
    1029.032       13.400      435.180     9821.531
    1030.052       12.700      435.180     9821.531
    1031.074       10.800      435.180     9821.531
    1032.088       10.800      435.180     9821.531
    1033.108      112.000      435.180     9821.531
    1034.127       12.700      435.180     9821.531
    1035.144       12.800      435.180     9821.531
    1036.160       14.700      435.180     9821.531
    1037.182       11.700      435.180     9821.531
    1038.209       12.800      435.180     9821.531
    1039.226       19.500      435.180     9821.531
    1040.252       13.700      435.180     9821.531
    1041.277       12.800      435.180     9821.531
    1042.294       13.700      435.180     9821.531
    1043.318       10.700      435.180     9821.531
    1044.348      107.700      435.180     9821.531
    1045.368       11.800      435.180     9821.531
    1046.386       14.700      435.180     9821.531
    1047.405       13.700      435.180     9821.531
    1048.430       14.700      435.180     9821.531
    1049.452       16.800      435.180     9821.531
    1050.466       11.700      435.180     9821.531
    1051.493       14.700      435.180     9821.531
    1052.515       11.800      435.180     9821.531
    1053.532       12.700      435.180     9821.531
    1054.554      110.500      435.180     9821.531
    1055.576       14.600      435.180     9821.531
    1056.600       11.700      435.180     9821.531
    1057.625       13.700      435.180     9821.531
    1058.646       13.700      435.180     9821.531
    1059.674       16.700      435.180     9821.531
    1060.691       11.800      435.180     9821.531
    1061.708       14.700      435.180     9821.531
    1062.730       10.800      435.180     9821.531
    1063.748       12.700      435.180     9821.531
    1064.772       83.200      435.180     9821.531
    1065.806       43.100      435.180     9821.531
    1066.828       13.700      435.180     9821.531
    1067.849       11.800      435.180     9821.531
    1068.868       13.700      435.180     9821.531
    1069.888       16.600      435.180     9821.531
    1070.914       13.600      435.180     9821.531
    1071.938       12.800      435.180     9821.531
    1072.956       11.700      435.180     9821.531
    1073.982       12.700      435.180     9821.531
    1075.005       55.900      435.180     9821.531
    1076.042       72.700      443.375     9821.531
    1077.065       14.600      443.375     9821.531
    1078.083       12.700      443.375     9821.531
    1079.121       12.600      443.375     9821.531
    1080.137       15.700      443.375     9821.531
    1081.157       13.700      443.375     9821.531
    1082.180       11.700      443.375     9821.531
    1083.204       12.700      443.375     9821.531
    1084.225       12.700      443.375     9821.531
    1085.245       13.800      443.375     9821.531
    1086.257      119.200      448.023     9821.531
    1087.274       13.800      448.023     9821.531
    1088.288       14.700      448.023     9821.531
    1089.311       11.700      448.023     9821.531
    1090.335       11.800      448.023     9821.531
    1091.355       18.500      448.281     9821.531
    1092.383       12.800      448.281     9821.531
    1093.408       14.700      448.281     9821.531
    1094.425       11.700      448.281     9821.531
    1095.448       12.600      448.281     9821.531
    1096.479       11.700      448.281     9821.531
    1097.502      111.400      448.281     9821.531
    1098.518       12.700      448.281     9821.531
    1099.541       12.800      448.281     9821.531
    1100.560       10.700      448.281     9821.531
    1101.583       11.800      448.281     9821.531
    1102.602       17.700      448.281     9821.531
    1103.619       15.700      448.281     9821.531
    1104.637       13.800      448.281     9821.531
    1105.653       12.700      448.281     9821.531
    1106.678        9.700      448.281     9821.531
    1107.705       47.000      448.281     9821.531
    1108.727       83.200      456.254     9821.531
    1109.748       12.700      456.254     9821.531
    1110.769       14.800      456.254     9821.531
    1111.785       12.800      456.254     9821.531
    1112.811       20.400      456.254     9821.531
    1113.831       11.700      456.254     9821.531
    1114.855       11.800      456.254     9821.531
    1115.878       13.700      456.254     9821.531
    1116.899       12.700      456.254     9821.531
    1117.921       11.800      456.254     9821.531
    1118.936      113.200      456.512     9821.531
    1119.951       13.800      456.512     9821.531
    1120.970       14.600      456.512     9821.531
    1121.994       11.700      456.512     9821.531
    1123.024       12.700      456.512     9821.531
    1124.043       12.800      456.512     9821.531
    1125.059       15.700      456.512     9821.531
    1126.074       13.600      456.512     9821.531
    1127.104       13.600      456.512     9821.531
    1128.130       11.800      456.512     9821.531
    1129.148       12.700      456.512     9821.531
    1130.181      100.900      456.512     9821.531
    1131.205       29.300      456.512     9821.531
    1132.228       12.700      456.512     9821.531
    1133.251       13.700      456.512     9821.531
    1134.272       11.700      456.512     9821.531
    1135.294       20.700      456.512     9821.531
    1136.310       12.800      456.512     9821.531
    1137.326       11.700      456.512     9821.531
    1138.349       13.700      456.512     9821.531
    1139.369       12.700      456.512     9821.531
    1140.392       66.600      456.512     9821.531
    1141.413       66.600      456.512     9821.531
    1142.436       13.700      456.512     9821.531
    1143.457       12.700      456.512     9821.531
    1144.482       12.800      456.512     9821.531
    1145.499       13.700      456.512     9821.531
    1146.517       14.800      456.512     9821.531
    1147.540       11.600      456.512     9821.531
    1148.565       12.600      456.512     9821.531
    1149.601       13.700      456.512     9821.531
    1150.628       13.600      456.512     9821.531
    1151.653       49.600      456.512     9821.531
    1152.681       92.700      464.457     9821.531
    1153.704       13.800      464.457     9821.531
    1154.721       12.800      464.457     9821.531
    1155.734       12.700      464.457     9821.531
    1156.755       17.600      464.457     9821.531
    1157.778       11.700      464.457     9821.531
    1158.797       12.700      464.457     9821.531
    1159.820       11.800      464.457     9821.531
    1160.842       11.700      464.457     9821.531
    1161.863       12.800      464.457     9821.531
    1162.884      121.000      464.457     9821.531
    1163.898       13.600      464.457     9821.531
    1164.927       13.700      464.457     9821.531
    1165.948       12.800      464.457     9821.531
    1166.968       11.700      464.457     9821.531
    1167.994       11.700      464.457     9821.531
    1169.019       16.700      464.457     9821.531
    1170.036       13.700      464.457     9821.531
    1171.055       12.700      464.457     9821.531
    1172.076       14.800      464.457     9821.531
    1173.090       13.600      464.457     9821.531
    1174.115      126.900      468.832     9821.531
    1175.147       11.800      468.832     9821.531
    1176.162       14.800      468.832     9821.531
    1177.179       13.800      468.832     9821.531
    1178.196       12.800      468.832     9821.531
    1179.215       18.600      468.832     9821.531
    1180.235       11.700      468.832     9821.531
    1181.259       13.800      468.832     9821.531
    1182.277       10.700      468.832     9821.531
    1183.301       14.600      468.832     9821.531
    1184.325       11.800      468.832     9821.531
    1185.346      125.200      469.090     9821.531
    1186.364       13.700      469.090     9821.531
    1187.388       14.700      469.090     9821.531
    1188.406       11.800      469.090     9821.531
    1189.428       14.600      469.090     9821.531
    1190.447       17.600      469.090     9821.531
    1191.470       13.700      469.090     9821.531
    1192.495       14.600      480.121     9841.797
    1193.522       14.800      469.090     9821.531
    1194.538       13.800      469.090     9821.531
    1195.556       11.800      469.090     9821.531
    1196.574      125.300      477.062     9821.531
    1197.595       12.700      477.062     9821.531
    1198.616       15.600      477.062     9821.531
    1199.643       10.800      477.062     9821.531
    1200.662       14.700      477.062     9821.531
    1201.679       20.600      477.062     9821.531
    1202.703       13.700      477.062     9821.531
    1203.722       12.800      477.062     9821.531
    1204.736       12.700      477.062     9821.531
    1205.757       13.700      477.062     9821.531
    1206.782       58.800      477.062     9821.531
    1207.802       79.200      477.062     9821.531
    1208.826       13.800      477.062     9821.531
    1209.838       12.800      477.062     9821.531
    1210.856       13.800      477.062     9821.531
    1211.875       12.700      477.062     9821.531
    1212.896       16.600      477.062     9821.531
    1213.918       11.800      477.062     9821.531
    1214.936       12.700      477.062     9821.531
    1215.964       12.700      477.062     9821.531
    1216.989       12.800      477.062     9821.531
    1218.004       12.800      477.062     9821.531
    1219.023      125.300      477.062     9821.531
    1220.044       12.700      477.062     9821.531
    1221.064       13.700      477.062     9821.531
    1222.083       11.800      477.062     9821.531
    1223.104       16.600      488.910     9841.797
    1224.126       16.500      477.062     9821.531
    1225.164       13.600      477.062     9821.531
    1226.189       12.700      477.062     9821.531
    1227.211       14.700      477.062     9821.531
    1228.231       13.600      477.062     9821.531
    1229.261       12.700      477.062     9821.531
    1230.280      127.200      485.023     9821.531
    1231.302       14.700      485.023     9821.531
    1232.321       13.700      485.023     9821.531
    1233.344       13.800      485.023     9821.531
    1234.365       12.600      485.023     9821.531
    1235.392       18.400      485.023     9821.531
    1236.419        9.800      485.023     9821.531
    1237.437       13.700      485.023     9821.531
    1238.462       16.600      485.023     9821.531
    1239.480       12.800      485.023     9821.531
    1240.496       11.800      485.023     9821.531
    1241.522      129.000      485.562     9821.531
    1242.547       12.800      489.672     9821.531
    1243.565       14.700      489.672     9821.531
    1244.586       12.700      489.672     9821.531
    1245.608       13.700      489.672     9821.531
    1246.632       12.700      489.672     9821.531
    1247.652       16.700      489.672     9821.531
    1248.670       13.700      489.672     9821.531
    1249.692       11.700      489.672     9821.531
    1250.717       11.700      489.672     9821.531
    1251.742       12.800      489.672     9821.531
    1252.757       14.700      489.672     9821.531
    1253.776      124.600      489.684     9821.531
    1254.796       13.700      497.652     9821.531
    1255.818       12.700      497.652     9821.531
    1256.836       12.800      497.652     9821.531
    1257.853       12.800      497.652     9821.531
    1258.871       13.700      497.652     9821.531
    1259.897       18.600      497.652     9821.531
    1260.917       14.700      497.652     9821.531
    1261.939       12.700      497.652     9821.531
    1262.966       12.700      497.652     9821.531
    1263.991       12.700      497.652     9821.531
    1265.017       13.700      497.652     9821.531
    1266.038      134.800      497.652     9821.531
    1267.053       12.700      497.652     9821.531
    1268.080       15.700      497.652     9821.531
    1269.098       13.700      497.652     9821.531
    1270.121       13.700      497.652     9821.531
    1271.142       14.700      497.652     9821.531
    1272.160       16.700      497.652     9821.531
    1273.180       12.700      497.652     9821.531
    1274.201       12.800      497.652     9821.531
    1275.222       10.800      497.652     9821.531
    1276.236       13.700      497.652     9821.531
    1277.259       10.800      497.652     9821.531
    1278.280      129.700      497.652     9821.531
    1279.297       13.700      497.652     9821.531
    1280.320       13.600      497.652     9821.531
    1281.349       12.700      497.652     9821.531
    1282.371       13.700      497.652     9821.531
    1283.395       14.700      497.652     9821.531
    1284.418       15.600      497.652     9821.531
    1285.445       13.700      497.652     9821.531
    1286.469       12.700      497.652     9821.531
    1287.491       12.800      497.652     9821.531
    1288.505       12.800      497.652     9821.531
    1289.524       20.500      497.652     9821.531
    1290.550      124.200      497.652     9821.531
    1291.571       11.800      497.652     9821.531
    1292.591       10.800      497.652     9821.531
    1293.613       12.700      497.652     9821.531
    1294.639       13.800      497.652     9821.531
    1295.654       18.700      497.652     9821.531
    1296.669       13.700      497.652     9821.531
    1297.691       13.600      497.652     9821.531
    1298.718       11.800      497.652     9821.531
    1299.732       12.700      497.652     9821.531
    1300.751       12.700      497.652     9821.531
    1301.774       25.500      497.652     9821.531
    1302.790      119.100      505.605     9821.531
    1303.807       12.700      505.605     9821.531
    1304.829       12.800      505.605     9821.531
    1305.849       13.700      505.605     9821.531
    1306.873       12.700      505.605     9821.531
    1307.892       16.700      505.605     9821.531
    1308.910       19.500      505.605     9821.531
    1309.940       12.600      505.605     9821.531
    1310.965       13.600      505.605     9821.531
    1311.993       11.700      505.605     9821.531
    1313.023       14.700      505.605     9821.531
    1314.042       20.600      505.605     9821.531
    1315.069      124.500      506.121     9821.531
    1316.088       12.600      506.121     9821.531
    1317.119       11.800      506.121     9821.531
    1318.138       13.700      506.121     9821.531
    1319.158       12.800      506.121     9821.531
    1320.176       11.700      506.121     9821.531
    1321.204       16.600      506.121     9821.531
    1322.229       11.800      506.121     9821.531
    1323.246       13.700      506.121     9821.531
    1324.262       12.600      506.121     9821.531
    1325.289       12.800      506.121     9821.531
    1326.304       11.800      506.121     9821.531
    1327.324      136.700      508.684     9821.531
    1328.348       12.800      510.230     9821.531
    1329.363       12.800      510.230     9821.531
    1330.380       12.700      510.230     9821.531
    1331.398       20.600      532.738     9852.797
    1332.418       12.700      510.238     9821.531
    1333.444       17.600      510.238     9821.531
    1334.463       11.900      510.238     9821.531
    1335.476       12.800      510.238     9821.531
    1336.494       13.700      510.238     9821.531
    1337.513       13.700      510.238     9821.531
    1338.532       12.800      510.238     9821.531
    1339.549      142.900      510.254     9821.531
    1340.563       12.700      518.230     9821.531
    1341.584       14.800      518.230     9821.531
    1342.601       12.800      518.230     9821.531
    1343.615       12.700      518.230     9821.531
    1344.635       13.700      518.230     9821.531
    1345.661       16.600      518.230     9821.531
    1346.700       13.600      518.230     9821.531
    1347.716       12.700      518.230     9821.531
    1348.738       13.700      518.230     9821.531
    1349.761       12.800      518.230     9821.531
    1350.780       12.700      518.230     9821.531
    1351.809       11.700      518.230     9821.531
    1352.831      144.600      518.488     9821.531
    1353.847       13.700      518.488     9821.531
    1354.870       12.700      518.488     9821.531
    1355.894       13.700      518.488     9821.531
    1356.918       14.600      518.488     9821.531
    1357.944       13.700      518.488     9821.531
    1358.966       18.700      518.488     9821.531
    1359.986       12.600      518.488     9821.531
    1361.019       14.600      518.488     9821.531
    1362.042       12.700      518.488     9821.531
    1363.066       13.600      518.488     9821.531
    1364.093       11.800      518.488     9821.531
    1365.113       14.600      518.488     9821.531
    1366.150      136.600      518.488     9821.531
    1367.176       12.800      518.488     9821.531
    1368.193       12.800      518.488     9821.531
    1369.208       11.700      518.488     9821.531
    1370.236       14.600      518.488     9821.531
    1371.262       11.700      518.488     9821.531
    1372.287       17.600      518.488     9821.531
    1373.307       14.700      518.488     9821.531
    1374.329       11.800      518.488     9821.531
    1375.348       12.600      518.488     9821.531
    1376.380       12.700      518.488     9821.531
    1377.400       14.800      518.488     9821.531
    1378.415       44.800      518.488     9821.531
    1379.439      105.400      527.797     9821.531
    1380.455       13.700      530.633     9821.531
    1381.479       12.700      530.633     9821.531
    1382.501       13.700      530.633     9821.531
    1383.527       10.800      530.633     9821.531
    1384.544       14.600      530.633     9821.531
    1385.571       18.600      530.633     9821.531
    1386.597       12.700      530.633     9821.531
    1387.619       12.600      530.633     9821.531
    1388.644       10.800      530.633     9821.531
    1389.666       13.800      530.633     9821.531
    1390.683       13.700      530.633     9821.531
    1391.707       13.600      530.633     9821.531
    1392.738      139.700      530.633     9821.531
    1393.755       12.700      530.633     9821.531
    1394.782       13.800      530.633     9821.531
    1395.795       12.700      530.633     9821.531
    1396.817       13.700      530.633     9821.531
    1397.838       14.600      530.633     9821.531
    1398.865       21.700      530.633     9821.531
    1399.880       12.600      530.633     9821.531
    1400.910       10.800      530.633     9821.531
    1401.940       14.600      530.633     9821.531
    1402.959       13.700      530.633     9821.531
    1403.978       12.800      530.633     9821.531
    1404.996       11.600      530.633     9821.531
    1406.033       88.400      530.633     9821.531
    1407.052       81.100      530.633     9821.531
    1408.075       11.700      530.633     9821.531
    1409.100       13.800      530.633     9821.531
    1410.113       13.800      530.633     9821.531
    1411.132       12.800      530.633     9821.531
    1412.150       12.800      530.633     9821.531
    1413.167       16.700      530.633     9821.531
    1414.187       12.800      530.633     9821.531
    1415.202       11.700      530.633     9821.531
    1416.225       10.800      530.633     9821.531
    1417.241       12.800      530.633     9821.531
    1418.258       14.600      530.633     9821.531
    1419.280       10.800      530.633     9821.531
    1420.298      141.100      531.199     9821.531
    1421.324       15.600      539.160     9821.531
    1422.346       11.800      539.160     9821.531
    1423.369       13.800      539.418     9821.531
    1424.384       13.700      539.418     9821.531
    1425.406       12.800      539.418     9821.531
    1426.425       17.500      539.418     9821.531
    1427.457       14.700      539.418     9821.531
    1428.476       12.700      539.418     9821.531
    1429.503       11.700      539.418     9821.531
    1430.529       16.600      555.605     9846.797
    1431.555       14.800      539.418     9821.531
    1432.569       12.800      539.418     9821.531
    1433.585      126.800      539.418     9821.531
    1434.603       12.800      539.418     9821.531
    1435.623       12.800      539.418     9821.531
    1436.640       11.800      539.418     9821.531
    1437.656       12.700      539.418     9821.531
    1438.681       12.700      539.418     9821.531
    1439.706       15.700      539.418     9821.531
    1440.727       12.700      539.418     9821.531
    1441.750       12.600      539.418     9821.531
    1442.781       13.800      539.418     9821.531
    1443.794       14.700      539.418     9821.531
    1444.814       11.800      539.418     9821.531
    1445.834       13.600      539.418     9821.531
    1446.858      120.200      539.418     9821.531
    1447.880       28.300      539.418     9821.531
    1448.903       25.400      539.418     9821.531
    1449.929       11.700      539.418     9821.531
    1450.953       12.800      539.418     9821.531
    1451.972       13.700      539.418     9821.531
    1452.996       12.700      539.418     9821.531
    1454.016       17.600      539.418     9821.531
    1455.036       13.700      539.418     9821.531
    1456.059       14.700      539.418     9821.531
    1457.084       12.600      539.418     9821.531
    1458.113       13.700      539.418     9821.531
    1459.135       12.800      539.418     9821.531
    1460.151      105.600      539.418     9821.531
    1461.204       56.600      539.418     9821.531
    1462.228       12.800      539.418     9821.531
    1463.243       10.900      539.418     9821.531
    1464.258       14.700      539.418     9821.531
    1465.276       18.600      539.418     9821.531
    1466.299       12.800      539.418     9821.531
    1467.313       17.600      539.418     9821.531
    1468.335       13.700      550.555     9841.797
    1469.352       14.700      539.422     9821.531
    1470.377       12.600      539.422     9821.531
    1471.408       12.800      539.422     9821.531
    1472.426       12.800      539.422     9821.531
    1473.442       61.400      539.422     9821.531
    1474.470       96.400      547.367     9821.531
    1475.485       11.800      547.367     9821.531
    1476.507       11.700      547.367     9821.531
    1477.536       12.700      547.367     9821.531
    1478.557       12.700      547.367     9821.531
    1479.581       10.900      547.367     9821.531
    1480.595       17.600      547.367     9821.531
    1481.619       13.700      547.367     9821.531
    1482.639       12.800      547.367     9821.531
    1483.654       14.700      547.367     9821.531
    1484.674       13.700      547.367     9821.531
    1485.696       14.700      547.367     9821.531
    1486.716       14.600      547.367     9821.531
    1487.744      159.000      551.246     9821.531
    1488.770       10.800      551.246     9821.531
    1489.790       11.700      551.246     9821.531
    1490.814       13.700      551.246     9821.531
    1491.836       12.800      551.246     9821.531
    1492.851       11.800      551.246     9821.531
    1493.873       13.700      551.246     9821.531
    1494.892       20.600      551.246     9821.531
    1495.911       11.600      551.246     9821.531
    1496.941       14.800      551.246     9821.531
    1497.957       11.700      551.246     9821.531
    1498.982       12.700      551.246     9821.531
