# Elapsed time   CPU (%)     Real (MB)   Virtual (MB)
       0.001        0.000       27.746     8061.840
       1.025      227.800      111.105     9003.656
       2.057      249.100      140.152     9524.719
       3.087      236.300      162.938     9597.719
       4.109      238.600      208.637     9598.719
       5.137      248.700      252.914     9604.852
       6.161      190.400      292.969     9610.719
       7.191      233.900      180.566     9871.742
       8.225      192.800      199.141     9873.797
       9.251       63.000      202.051     9873.797
      10.267       57.200      204.988     9873.797
      11.285       52.500      208.621     9873.797
      12.310       45.700      212.039     9873.797
      13.338       69.500      214.633     9873.797
      14.360       72.700      217.641     9871.797
      15.379       56.700      229.617     9871.797
      16.402       62.300      229.996     9871.797
      17.428       36.900      230.215     9871.797
      18.460       47.000      232.652     9871.797
      19.480       46.200      232.809     9871.797
      20.496       39.200      232.828     9871.797
      21.517       46.100      233.184     9871.797
      22.536       49.200      233.277     9871.797
      23.572       34.400      233.277     9871.797
      24.588       31.400      234.344     9871.797
      25.608       32.400      234.480     9871.797
      26.625       51.400      234.535     9871.797
      27.656       47.700      234.535     9871.797
      28.684       20.600      234.578     9871.797
      29.702       28.400      234.578     9871.797
      30.723       47.100      234.578     9871.797
      31.742       36.100      234.578     9871.797
      32.766       24.200      234.578     9871.797
      33.797       72.000      248.352     9886.797
      34.812       17.700      248.883     9886.797
      35.831       43.900      251.500     9888.797
      36.856       45.800      239.227     9875.797
      37.883       23.600      238.246     9874.797
      38.900       26.400      238.246     9874.797
      39.921       60.800      239.301     9875.797
      40.944       30.300      237.320     9873.797
      41.968       27.500      237.320     9873.797
      42.982       27.500      237.320     9873.797
      44.000        9.800      237.320     9873.797
      45.023       35.400      237.398     9873.797
      46.041       16.600      236.422     9872.797
      47.068       14.800      236.422     9872.797
      48.082       57.000      235.477     9871.797
      49.100       10.700      235.477     9871.797
      50.124       16.600      235.477     9871.797
      51.149       12.700      235.477     9871.797
      52.175       35.400      235.582     9871.797
      53.192       19.700      235.582     9871.797
      54.212        9.800      235.582     9871.797
      55.224        8.800      192.098     9822.531
      56.243       32.200      227.191     9865.797
      57.268       29.400      235.957     9873.797
      58.288       19.500      235.957     9873.797
      59.311       28.600      237.246     9874.797
      60.333       20.300      237.762     9874.797
      61.358       39.100      237.199     9873.797
      62.381       17.600      237.199     9873.797
      63.403       48.900      229.379     9867.797
      64.425       11.700      230.180     9867.797
      65.445       20.500      230.180     9867.797
      66.472       13.700      230.180     9867.797
      67.492       10.800      192.289     9822.531
      68.508       46.400      231.574     9868.797
      69.519        8.800      231.574     9868.797
      70.541       27.400      239.113     9876.797
      71.561        7.800      239.113     9876.797
      72.585        7.800      239.113     9876.797
      73.607        9.700      203.309     9841.797
      74.634       10.800      206.062     9845.797
      75.653       10.800      206.828     9850.797
      76.669        7.800      209.500     9853.797
      77.699       14.700      220.051     9865.797
      78.718       41.100      229.789     9866.797
      79.739       14.600      229.789     9866.797
      80.764       10.700      230.047     9866.797
      81.789       26.600      232.359     9869.797
      82.804       11.800      206.699     9845.797
      83.819       20.600      218.148     9856.797
      84.840       50.000      241.062     9877.797
      85.860        9.800      192.520     9822.531
      86.884       15.600      207.773     9846.797
      87.907       23.300      227.312     9865.797
      88.937       24.400      229.152     9866.797
      89.960       78.400      236.578     9872.797
      90.980       35.300      252.816     9890.797
      92.000        8.900      192.574     9822.531
      93.014       10.700      192.574     9822.531
      94.037        8.800      192.574     9822.531
      95.058       25.500      227.391     9865.797
      96.081        8.800      227.391     9865.797
      97.106       37.900      238.168     9874.797
      98.128       23.500      238.840     9875.797
      99.150        8.900      238.840     9875.797
     100.166       30.400      230.305     9867.797
     101.188        8.800      230.305     9867.797
     102.209       12.700      230.305     9867.797
     103.231        7.900      192.684     9822.531
     104.248       23.500      227.941     9865.797
     105.269        6.800      192.707     9822.531
     106.293        7.800      192.707     9822.531
     107.320       10.800      207.922     9846.797
     108.338       17.700      226.371     9864.797
     109.355        7.800      192.719     9822.531
     110.377        9.800      192.719     9822.531
     111.395        6.900      192.719     9822.531
     112.413       12.600      209.512     9847.797
     113.440        9.900      213.121     9851.797
     114.454       22.400      228.473     9865.797
     115.485       16.500      229.246     9865.797
     116.511       21.600      229.367     9866.797
     117.526       12.700      231.395     9867.797
     118.553        6.900      231.395     9867.797
     119.566       10.800      231.395     9867.797
     120.586        6.900      192.781     9822.531
     121.605        7.900      192.781     9822.531
     122.623        7.800      192.781     9822.531
     123.648        5.900      192.781     9822.531
     124.664        8.800      192.781     9822.531
     125.689       10.700      192.781     9822.531
     126.717       20.600      220.035     9858.797
     127.736        7.800      192.895     9822.531
     128.762       17.600      217.574     9855.797
     129.787        9.800      192.898     9822.531
     130.801       14.700      211.863     9849.797
     131.822        8.800      212.375     9850.797
     132.843        8.800      214.828     9854.797
     133.869       22.600      226.047     9863.797
     134.888       25.500      228.062     9864.797
     135.906       55.900      237.164     9872.797
     136.927        7.800      237.164     9872.797
     137.948       29.600      237.223     9872.797
     138.961       11.700      237.480     9872.797
     139.987       10.900      208.488     9845.797
     141.000       26.600      231.164     9868.797
     142.016        8.800      193.547     9822.531
     143.038        6.900      193.547     9822.531
     144.051        5.900      193.547     9822.531
     145.075       10.800      193.816     9822.531
     146.095        6.800      193.816     9822.531
     147.120        9.700      207.078     9843.797
     148.148       12.700      210.363     9847.797
     149.178        7.800      193.816     9822.531
     150.200        6.800      193.816     9822.531
     151.224       23.600      227.156     9863.797
     152.241       10.800      227.664     9863.797
     153.260        8.900      193.828     9822.531
     154.274        9.800      205.633     9842.797
     155.292        8.700      206.277     9844.797
     156.325       38.300      229.645     9865.797
     157.344        8.900      194.129     9822.531
     158.359       24.600      229.383     9865.797
     159.377       14.800      230.152     9865.797
     160.392        7.800      230.152     9865.797
     161.414       31.400      230.000     9865.797
     162.438       11.700      194.434     9822.531
     163.464        6.800      194.434     9822.531
     164.493        7.800      194.434     9822.531
     165.514        4.900      194.434     9822.531
     166.533       19.600      223.652     9859.797
     167.556        7.800      194.441     9822.531
     168.574        8.900      194.699     9822.531
     169.588        5.900      194.699     9822.531
     170.607        7.800      194.699     9822.531
     171.631        5.900      194.699     9822.531
     172.655        7.900      194.699     9822.531
     173.673        8.800      194.957     9822.531
     174.688        7.900      194.957     9822.531
     175.705       12.600      213.066     9848.797
     176.733       27.500      232.609     9867.797
     177.752        7.900      194.973     9822.531
     178.781        4.900      194.973     9822.531
     179.798        8.800      195.488     9822.531
     180.815        5.900      195.488     9822.531
     181.836        6.900      195.488     9822.531
     182.853        7.800      195.488     9822.531
     183.884        8.800      207.926     9843.797
     184.906        6.800      195.488     9822.531
     185.936        8.800      195.488     9822.531
     186.964        6.800      195.488     9822.531
     187.988       17.700      217.789     9852.797
     189.006        6.800      218.352     9853.797
     190.032        8.900      206.445     9841.797
     191.048        5.900      195.500     9822.531
     192.068       10.800      195.758     9822.531
     193.090        6.900      195.758     9822.531
     194.111        6.800      195.758     9822.531
     195.134        7.900      195.758     9822.531
     196.152        5.900      195.758     9822.531
     197.169        9.800      196.016     9822.531
     198.195        7.800      196.016     9822.531
     199.211        6.900      196.016     9822.531
     200.226        5.900      196.016     9822.531
     201.240        6.900      196.016     9822.531
     202.260       32.300      231.562     9865.797
     203.284       10.800      231.562     9865.797
     204.296        7.900      196.047     9822.531
     205.312        5.900      196.047     9822.531
     206.334        7.800      196.047     9822.531
     207.355        7.800      196.047     9822.531
     208.377        7.800      207.102     9842.797
     209.401        8.800      196.305     9822.531
     210.422        9.800      208.988     9843.797
     211.440        7.800      196.309     9822.531
     212.464        6.800      196.309     9822.531
     213.489        7.800      196.309     9822.531
     214.522       13.600      213.086     9847.797
     215.539        6.900      196.309     9822.531
     216.557        7.900      196.309     9822.531
     217.573        5.900      196.309     9822.531
     218.597        7.800      196.309     9822.531
     219.622        5.900      196.309     9822.531
     220.644       12.800      208.434     9843.797
     221.661       17.500      221.586     9856.797
     222.691        8.800      196.316     9822.531
     223.716        5.900      196.316     9822.531
     224.734        5.900      196.316     9822.531
     225.750        7.900      196.316     9822.531
     226.766        6.900      196.316     9822.531
     227.784       10.800      212.621     9847.797
     228.803        8.900      196.316     9822.531
     229.820        5.900      196.316     9822.531
     230.842        9.800      196.316     9822.531
     231.867        9.900      209.262     9843.797
     232.881       11.800      208.438     9842.797
     233.903       14.700      219.898     9855.797
     234.924       14.600      231.145     9865.797
     235.948       10.700      231.512     9865.797
     236.974        7.900      196.348     9822.531
     237.993       16.600      218.180     9853.797
     239.016        8.900      223.328     9859.797
     240.032        6.900      223.328     9859.797
     241.054       10.700      228.133     9864.797
     242.078       25.400      231.980     9865.797
     243.101       38.200      235.285     9867.797
     244.122       36.300      235.285     9867.797
     245.141       16.600      235.840     9868.797
     246.171        6.800      235.840     9868.797
     247.200        7.900      235.840     9868.797
     248.218       25.300      235.887     9868.797
     249.247       28.300      238.199     9870.797
     250.271        6.900      238.199     9870.797
     251.286        7.900      196.637     9822.531
     252.304        7.800      196.637     9822.531
     253.334        6.900      196.637     9822.531
     254.356       15.700      217.195     9851.797
     255.371        6.900      196.641     9822.531
     256.392        7.800      196.641     9822.531
     257.413        7.800      196.641     9822.531
     258.442       18.600      221.273     9855.797
     259.462       10.700      196.672     9822.531
     260.491        6.800      196.672     9822.531
     261.517        6.900      196.672     9822.531
     262.536        6.800      196.672     9822.531
     263.563        7.800      196.672     9822.531
     264.582        7.800      196.672     9822.531
     265.607        7.800      196.672     9822.531
     266.630        6.900      196.672     9822.531
     267.662        5.900      196.672     9822.531
     268.676        6.800      196.672     9822.531
     269.698        7.900      196.672     9822.531
     270.715        8.900      196.672     9822.531
     271.731        9.700      209.625     9843.797
     272.757        6.800      196.672     9822.531
     273.785        8.900      209.051     9843.797
     274.804        7.800      209.309     9843.797
     275.825       11.800      216.199     9850.797
     276.844        5.900      196.934     9822.531
     277.861       31.200      234.199     9866.797
     278.889        8.900      234.199     9866.797
     279.904       11.800      234.480     9866.797
     280.922        7.900      196.973     9822.531
     281.941        8.800      196.973     9822.531
     282.967       36.200      232.809     9865.797
     283.988        7.900      197.012     9822.531
     285.006        7.800      197.012     9822.531
     286.029        7.900      197.012     9822.531
     287.047       17.500      221.559     9855.797
     288.074       17.600      232.211     9865.797
     289.093        8.900      197.027     9822.531
     290.107        5.900      197.027     9822.531
     291.120        5.900      197.027     9822.531
     292.139       32.400      235.914     9868.797
     293.158        6.800      197.078     9822.531
     294.184        6.800      197.078     9822.531
     295.210       25.300      233.672     9866.797
     296.238        8.800      197.105     9822.531
     297.262        4.900      197.105     9822.531
     298.279        8.800      197.105     9822.531
     299.302        5.800      197.105     9822.531
     300.330        6.800      197.105     9822.531
     301.352        5.900      197.105     9822.531
     302.372        7.800      197.105     9822.531
     303.391        4.900      197.105     9822.531
     304.414        8.800      197.105     9822.531
     305.432        8.800      197.105     9822.531
     306.457        5.900      197.105     9822.531
     307.471        9.800      197.105     9822.531
     308.491        5.800      197.105     9822.531
     309.517        6.900      197.105     9822.531
     310.536        8.800      197.105     9822.531
     311.569        8.700      211.633     9846.797
     312.588        9.900      214.512     9848.797
     313.600        8.900      197.109     9822.531
     314.622        5.800      197.109     9822.531
     315.642        6.900      197.109     9822.531
     316.660       19.600      222.219     9856.797
     317.676        8.800      197.117     9822.531
     318.696        6.900      197.117     9822.531
     319.714        6.800      197.117     9822.531
     320.738       15.700      222.523     9856.797
     321.758       14.700      230.004     9863.797
     322.781        7.800      197.145     9822.531
     323.801       10.900      210.941     9845.797
     324.818        6.900      197.145     9822.531
     325.833       29.400      231.309     9864.797
     326.855        5.900      197.340     9822.531
     327.878        7.900      197.340     9822.531
     328.892       16.600      217.227     9851.797
     329.915        6.900      197.348     9822.531
     330.929        6.900      197.348     9822.531
     331.944        4.900      197.348     9822.531
     332.966        7.900      209.543     9843.797
     333.984        6.900      197.352     9822.531
     335.002        7.800      197.352     9822.531
     336.028        5.900      197.352     9822.531
     337.051        6.900      197.352     9822.531
     338.066        6.900      197.352     9822.531
     339.088        6.900      197.352     9822.531
     340.103        7.900      197.352     9822.531
     341.121        9.800      197.352     9822.531
     342.144        5.900      197.352     9822.531
     343.159        6.800      197.352     9822.531
     344.187        5.800      197.352     9822.531
     345.212        6.900      197.352     9822.531
     346.228       14.800      216.992     9850.797
     347.252        6.800      197.355     9822.531
     348.281        7.800      197.355     9822.531
     349.303        5.900      197.355     9822.531
     350.318        5.900      197.355     9822.531
     351.337        9.800      197.355     9822.531
     352.363        4.900      197.355     9822.531
     353.378        7.800      197.355     9822.531
     354.403        6.800      197.355     9822.531
     355.428        8.800      211.074     9844.797
     356.447        6.900      197.355     9822.531
     357.469        6.800      197.355     9822.531
     358.491        7.900      197.355     9822.531
     359.505        6.800      197.355     9822.531
     360.528       22.700      227.125     9860.797
     361.542        6.900      197.375     9822.531
     362.557       10.800      211.145     9844.797
     363.576        4.900      197.375     9822.531
     364.590        6.900      197.375     9822.531
     365.607       37.400      234.062     9866.797
     366.622        8.900      197.406     9822.531
     367.640        6.800      197.406     9822.531
     368.668        6.800      197.406     9822.531
     369.688       13.800      197.406     9822.531
     370.706        7.800      197.406     9822.531
     371.726        6.900      197.406     9822.531
     372.749        6.800      197.406     9822.531
     373.768        8.800      197.406     9822.531
     374.788        8.900      197.406     9822.531
     375.800        6.800      197.406     9822.531
     376.824       27.600      232.793     9865.797
     377.840        7.800      197.414     9822.531
     378.865        6.900      197.414     9822.531
     379.882        7.800      197.414     9822.531
     380.902        6.900      197.414     9822.531
     381.924        5.900      197.414     9822.531
     382.951        6.800      197.414     9822.531
     383.972        7.900      197.414     9822.531
     384.992        4.900      197.414     9822.531
     386.006        7.800      197.414     9822.531
     387.028        6.900      209.285     9842.797
     388.045        7.800      197.414     9822.531
     389.072        6.900      197.414     9822.531
     390.095        7.900      197.414     9822.531
     391.109        7.900      197.414     9822.531
     392.126        4.900      197.414     9822.531
     393.152        7.800      197.414     9822.531
     394.174        7.900      197.414     9822.531
     395.187        6.800      197.414     9822.531
     396.211        6.900      197.414     9822.531
     397.230        6.900      197.414     9822.531
     398.251        9.700      197.414     9822.531
     399.278        6.900      197.414     9822.531
     400.296        5.800      197.414     9822.531
     401.323        8.800      197.414     9822.531
     402.338        8.900      197.414     9822.531
     403.355       36.300      236.324     9868.797
     404.371        9.800      197.434     9822.531
     405.389        8.800      209.895     9844.797
     406.416        7.800      197.434     9822.531
     407.435       23.700      198.723     9822.531
     408.447        5.800      198.723     9822.531
     409.478        7.800      198.723     9822.531
     410.507        6.800      198.723     9822.531
     411.528        5.900      198.723     9822.531
     412.549        6.800      198.723     9822.531
     413.578        5.900      198.723     9822.531
     414.595        7.800      198.723     9822.531
     415.613       29.400      198.723     9822.531
     416.634        8.800      198.723     9822.531
     417.654        4.900      198.723     9822.531
     418.678        6.900      198.723     9822.531
     419.689        7.900      198.723     9822.531
     420.705        7.800      198.723     9822.531
     421.734        5.800      198.723     9822.531
     422.761        6.900      198.723     9822.531
     423.780       25.700      198.723     9822.531
     424.796        4.900      198.723     9822.531
     425.813        6.800      198.723     9822.531
     426.837        6.800      198.723     9822.531
     427.862        7.900      198.723     9822.531
     428.881        7.800      198.723     9822.531
     429.904        5.900      198.723     9822.531
     430.919        7.800      198.723     9822.531
     431.939       27.500      215.047     9847.797
     432.956        7.800      198.727     9822.531
     433.981        8.800      198.727     9822.531
     435.005        5.900      198.727     9822.531
     436.020        7.900      198.727     9822.531
     437.034        7.900      198.727     9822.531
     438.056        5.800      198.727     9822.531
     439.095        6.900      198.727     9822.531
     440.116       30.900      215.547     9847.797
     441.148      105.700      243.688     9873.797
     442.171        7.800      198.824     9822.531
     443.195        5.900      198.824     9822.531
     444.217        7.900      198.824     9822.531
     445.235        7.900      198.824     9822.531
     446.254        6.800      198.824     9822.531
     447.276        6.900      198.824     9822.531
     448.293       29.500      198.824     9822.531
     449.309        6.800      198.824     9822.531
     450.338        5.900      198.824     9822.531
     451.356        5.900      198.824     9822.531
     452.372        7.900      198.824     9822.531
     453.384        6.900      198.824     9822.531
     454.406        6.900      198.824     9822.531
     455.421        5.900      198.824     9822.531
     456.441       28.400      198.824     9822.531
     457.462        7.800      198.824     9822.531
     458.484        6.900      198.824     9822.531
     459.503        6.900      198.824     9822.531
     460.520        6.900      198.824     9822.531
     461.537        4.900      198.824     9822.531
     462.563        6.800      198.824     9822.531
     463.588        6.900      198.824     9822.531
     464.609       27.700      198.824     9822.531
     465.620        5.900      198.824     9822.531
     466.633        5.900      198.824     9822.531
     467.647        5.800      198.824     9822.531
     468.674        7.900      199.473     9822.531
     469.688        5.900      204.363     9822.531
     470.712        7.800      207.199     9822.531
     471.732        6.800      208.230     9822.531
     472.776        7.700      213.645     9822.531
     473.790        5.900      218.543     9822.531
     474.810        7.800      223.691     9822.531
     475.836        7.800      228.848     9822.531
     476.856        5.900      234.004     9822.531
     477.876        6.900      239.160     9822.531
     478.895        6.800      245.090     9822.531
     479.922        6.900      250.504     9822.531
     480.943        6.900      255.652     9822.531
     481.964        6.800      260.809     9822.531
     482.988        6.800      265.707     9822.531
     484.014        5.900      271.121     9822.531
     485.036        6.900      276.012     9822.531
     486.056        7.900      281.168     9822.531
     487.073        7.800      286.324     9822.531
     488.101        7.800      291.738     9822.531
     489.127        6.800      296.379     9822.531
     490.154        6.800      302.051     9822.531
     491.182        7.800      307.457     9822.531
     492.201        6.900      312.871     9822.531
     493.214       10.800      319.059     9822.531
     494.230        6.900      319.059     9822.531
     495.252        7.800      319.059     9822.531
     496.270        6.900      319.059     9822.531
     497.288        5.900      319.059     9822.531
     498.312        6.800      319.059     9822.531
     499.330        5.900      319.059     9822.531
     500.344        7.800      319.059     9822.531
     501.369        6.900      319.059     9822.531
     502.386        5.900      319.059     9822.531
     503.402        4.900      319.059     9822.531
     504.429        6.900      319.059     9822.531
     505.451        6.900      319.059     9822.531
     506.468        6.900      319.059     9822.531
     507.482        6.900      319.059     9822.531
     508.502       14.700      339.992     9852.797
     509.527        6.900      319.062     9822.531
     510.542        6.800      319.062     9822.531
     511.565        5.900      319.062     9822.531
     512.582        5.900      319.062     9822.531
     513.597        5.900      319.062     9822.531
     514.623        8.800      323.441     9822.531
     515.642       12.700      346.074     9853.797
     516.670       16.600      360.359     9866.797
     517.693        5.800      323.465     9822.531
     518.720        6.800      323.465     9822.531
     519.750        6.900      323.465     9822.531
     520.770        7.900      323.465     9822.531
     521.786        6.900      323.465     9822.531
     522.802        6.800      323.465     9822.531
     523.825        6.900      323.465     9822.531
     524.839        5.900      323.465     9822.531
     525.861        6.900      323.465     9822.531
     526.877        7.800      333.465     9841.797
     527.907       14.700      344.520     9851.797
     528.928        7.800      323.469     9822.531
     529.952        6.800      323.469     9822.531
     530.978        6.800      323.469     9822.531
     532.001        4.900      323.469     9822.531
     533.014        6.900      323.469     9822.531
     534.032        5.800      323.469     9822.531
     535.058        5.900      323.469     9822.531
     536.075        9.800      323.469     9822.531
     537.108        6.800      323.469     9822.531
     538.126        6.900      323.469     9822.531
     539.140        6.800      323.469     9822.531
     540.165        6.900      323.469     9822.531
     541.182        6.900      323.469     9822.531
     542.197        6.900      323.469     9822.531
     543.214        4.900      323.469     9822.531
     544.231        7.800      323.469     9822.531
     545.258        5.900      323.469     9822.531
     546.281        6.800      323.469     9822.531
     547.309        6.800      323.469     9822.531
     548.332        7.800      323.469     9822.531
     549.359        5.900      323.469     9822.531
     550.378        7.900      323.469     9822.531
     551.392        6.900      323.469     9822.531
     552.414        5.800      323.469     9822.531
     553.445        6.800      323.469     9822.531
     554.466        7.800      323.469     9822.531
     555.484        5.900      323.469     9822.531
     556.504        9.800      325.273     9822.531
     557.525        5.800      325.273     9822.531
     558.551        7.800      325.273     9822.531
     559.570        5.900      325.273     9822.531
     560.583        6.900      325.273     9822.531
     561.600        6.800      325.273     9822.531
     562.620        5.900      325.273     9822.531
     563.633        5.900      325.273     9822.531
     564.651        6.900      325.273     9822.531
     565.667        7.900      325.273     9822.531
     566.682        5.900      325.273     9822.531
     567.699        7.900      325.273     9822.531
     568.715        5.800      325.273     9822.531
     569.743        6.900      325.273     9822.531
     570.762        6.900      325.273     9822.531
     571.778        6.900      325.273     9822.531
     572.800        5.900      325.273     9822.531
     573.817        7.800      325.273     9822.531
     574.836        6.900      325.273     9822.531
     575.852        6.900      325.273     9822.531
     576.873        9.900      325.273     9822.531
     577.888        6.800      325.273     9822.531
     578.919        6.800      325.273     9822.531
     579.942        6.900      325.273     9822.531
     580.960        6.900      325.273     9822.531
     581.978        6.800      325.273     9822.531
     582.998        7.800      325.273     9822.531
     584.020        6.900      325.273     9822.531
     585.035        7.800      325.273     9822.531
     586.064        6.900      325.273     9822.531
     587.083        7.800      325.273     9822.531
     588.104        5.800      325.273     9822.531
     589.128        7.900      325.273     9822.531
     590.148        5.900      325.273     9822.531
     591.174        6.800      325.273     9822.531
     592.193        6.900      325.273     9822.531
     593.212        8.700      325.273     9822.531
     594.245        5.900      325.273     9822.531
     595.265        6.900      325.273     9822.531
     596.283        7.800      325.273     9822.531
     597.303        5.900      325.273     9822.531
     598.324       11.800      327.336     9822.531
     599.342        6.900      327.336     9822.531
     600.360        5.900      327.336     9822.531
     601.384        6.800      327.336     9822.531
     602.409        6.900      327.336     9822.531
     603.432        5.900      327.336     9822.531
     604.453        6.800      327.336     9822.531
     605.477        7.900      327.336     9822.531
     606.492        5.900      327.336     9822.531
     607.508        5.900      327.336     9822.531
     608.529        5.800      327.336     9822.531
     609.557        5.900      327.336     9822.531
     610.576        7.800      327.336     9822.531
     611.602        7.800      327.336     9822.531
     612.633        5.800      327.336     9822.531
     613.657        5.900      327.336     9822.531
     614.674        5.900      327.336     9822.531
     615.701        5.900      327.336     9822.531
     616.719        6.900      327.336     9822.531
     617.751        6.700      327.336     9822.531
     618.773        8.800      327.336     9822.531
     619.794        5.900      327.336     9822.531
     620.819        7.800      327.336     9822.531
     621.838        5.900      327.336     9822.531
     622.860        6.800      327.336     9822.531
     623.890        5.900      327.336     9822.531
     624.909        8.800      327.336     9822.531
     625.933        6.900      327.336     9822.531
     626.952        6.800      327.336     9822.531
     627.980        7.800      327.336     9822.531
     629.008        5.900      327.336     9822.531
     630.023        5.900      327.336     9822.531
     631.046        6.700      327.336     9822.531
     632.080        5.800      327.336     9822.531
     633.100        6.600      327.336     9822.531
     634.156        5.900      327.336     9822.531
     635.176        6.800      327.336     9822.531
     636.200        5.900      327.336     9822.531
     637.224        6.900      327.336     9822.531
     638.242        6.900      327.336     9822.531
     639.262       11.800      328.926     9822.531
     640.281        6.900      328.926     9822.531
     641.299        6.800      328.926     9822.531
     642.332        4.900      328.926     9822.531
     643.349        8.800      328.926     9822.531
     644.368        6.900      328.926     9822.531
     645.388        6.800      328.926     9822.531
     646.411        6.800      328.926     9822.531
     647.437        6.800      328.926     9822.531
     648.460        6.900      328.926     9822.531
     649.479        5.900      328.926     9822.531
     650.502        6.900      328.926     9822.531
     651.513        6.800      328.926     9822.531
     652.538        9.800      342.742     9844.797
     653.558        6.900      328.930     9822.531
     654.576        4.900      328.930     9822.531
     655.603        7.800      328.930     9822.531
     656.625       48.800      375.719     9877.797
     657.649        8.800      328.949     9822.531
     658.676        5.900      328.949     9822.531
     659.692       11.700      328.949     9822.531
     660.719        6.800      328.949     9822.531
     661.743        6.900      328.949     9822.531
     662.764        5.900      328.949     9822.531
     663.781        6.800      328.949     9822.531
     664.807        5.900      328.949     9822.531
     665.832        5.900      328.949     9822.531
     666.852        5.900      328.949     9822.531
     667.876        7.900      328.949     9822.531
     668.894        6.900      328.949     9822.531
     669.914        5.900      328.949     9822.531
     670.938        6.800      328.949     9822.531
     671.966        7.900      328.949     9822.531
     672.980        5.900      328.949     9822.531
     674.000        6.800      328.949     9822.531
     675.026        5.900      328.949     9822.531
     676.042        6.900      328.949     9822.531
     677.062        6.800      328.949     9822.531
     678.086        8.800      328.949     9822.531
     679.103       25.400      364.852     9865.797
     680.128       10.800      330.246     9822.531
     681.143        8.800      330.246     9822.531
     682.170        6.900      330.246     9822.531
     683.186       15.700      358.746     9859.797
     684.208       38.100      375.461     9874.797
     685.230        6.900      330.277     9822.531
     686.246        7.800      341.328     9841.797
     687.264        6.900      330.277     9822.531
     688.279        5.800      330.277     9822.531
     689.307        5.900      330.277     9822.531
     690.322        7.900      330.277     9822.531
     691.339        8.800      342.438     9842.797
     692.368        5.900      330.277     9822.531
     693.388        6.900      330.277     9822.531
     694.409        8.900      330.277     9822.531
     695.426        6.900      330.277     9822.531
     696.446        7.900      330.277     9822.531
     697.463        5.900      330.277     9822.531
     698.484        4.900      330.277     9822.531
     699.506        6.800      330.277     9822.531
     700.526       11.800      330.277     9822.531
     701.544        5.900      330.277     9822.531
     702.566        7.900      330.277     9822.531
     703.581        7.900      330.277     9822.531
     704.596        6.900      330.277     9822.531
     705.614        5.900      330.277     9822.531
     706.634        7.900      330.277     9822.531
     707.652        6.800      330.277     9822.531
     708.676        6.900      330.277     9822.531
     709.694        6.900      330.277     9822.531
     710.713        6.900      330.277     9822.531
     711.729        6.800      330.277     9822.531
     712.756        7.800      330.277     9822.531
     713.782        4.900      330.277     9822.531
     714.799        7.900      330.277     9822.531
     715.815        6.900      330.277     9822.531
     716.836        8.800      330.277     9822.531
     717.863        6.800      330.277     9822.531
     718.878        5.900      330.277     9822.531
     719.901        6.900      330.277     9822.531
     720.916        6.900      330.277     9822.531
     721.935        9.800      330.277     9822.531
     722.957        6.900      330.277     9822.531
     723.979        6.800      330.277     9822.531
     725.004        5.900      330.277     9822.531
     726.025        7.900      330.277     9822.531
     727.043        7.800      330.277     9822.531
     728.065        4.900      330.277     9822.531
     729.086        6.900      330.277     9822.531
     730.108        6.800      330.277     9822.531
     731.136        6.900      330.277     9822.531
     732.157       11.800      347.340     9847.797
     733.182        9.700      330.281     9822.531
     734.216        7.800      330.281     9822.531
     735.238        6.900      330.281     9822.531
     736.253        6.800      330.281     9822.531
     737.277        6.900      330.281     9822.531
     738.297        6.800      330.281     9822.531
     739.320        7.800      330.281     9822.531
     740.341        5.900      330.281     9822.531
     741.357       12.700      330.281     9822.531
     742.378        6.900      330.281     9822.531
     743.395        6.900      330.281     9822.531
     744.413        5.900      330.281     9822.531
     745.428        6.900      330.281     9822.531
     746.447        5.900      330.281     9822.531
     747.470        6.900      330.281     9822.531
     748.488        5.900      330.281     9822.531
     749.500        6.900      330.281     9822.531
     750.517        5.900      330.281     9822.531
     751.540        7.900      330.281     9822.531
     752.555        5.900      330.281     9822.531
     753.570        7.800      330.281     9822.531
     754.595        6.900      330.281     9822.531
     755.616        6.900      330.281     9822.531
     756.634        5.900      330.281     9822.531
     757.652        4.900      330.281     9822.531
     758.669        5.900      330.281     9822.531
     759.690        5.900      330.281     9822.531
     760.709        6.900      330.281     9822.531
     761.724       10.800      330.281     9822.531
     762.742        7.800      330.281     9822.531
     763.771        6.800      330.281     9822.531
     764.794        5.900      330.281     9822.531
     765.808        7.900      330.281     9822.531
     766.825        6.900      330.281     9822.531
     767.838        6.900      330.281     9822.531
     768.858        5.900      330.281     9822.531
     769.873        5.900      330.281     9822.531
     770.889        7.900      330.281     9822.531
     771.908        6.900      330.281     9822.531
     772.931        5.900      330.281     9822.531
     773.944        5.900      330.281     9822.531
     774.963        5.900      330.281     9822.531
     775.984        6.800      330.281     9822.531
     777.012        7.800      330.281     9822.531
     778.037        6.900      330.281     9822.531
     779.057        6.900      330.281     9822.531
     780.075        6.800      330.281     9822.531
     781.096        5.900      330.281     9822.531
     782.113       11.800      330.281     9822.531
     783.133        8.800      330.281     9822.531
     784.160        6.900      330.281     9822.531
     785.174        7.800      330.281     9822.531
     786.193        6.800      330.281     9822.531
     787.218        6.900      330.281     9822.531
     788.234        7.900      330.281     9822.531
     789.248        4.900      330.281     9822.531
     790.264        7.800      330.281     9822.531
     791.285        8.800      330.281     9822.531
     792.312        5.900      330.281     9822.531
     793.331        5.900      330.281     9822.531
     794.347        6.900      330.281     9822.531
     795.366        6.900      330.281     9822.531
     796.381        5.900      330.281     9822.531
     797.395        8.800      330.281     9822.531
     798.413        7.800      330.281     9822.531
     799.440        6.900      330.281     9822.531
     800.455        5.900      330.281     9822.531
     801.480        6.900      330.281     9822.531
     802.495       11.700      330.805     9822.531
     803.520       10.700      346.586     9846.797
     804.550       17.600      366.582     9865.797
     805.570        7.900      330.824     9822.531
     806.586        5.900      330.824     9822.531
     807.608        7.900      330.824     9822.531
     808.626        6.900      330.824     9822.531
     809.638        8.800      330.824     9822.531
     810.656        5.900      330.824     9822.531
     811.677        4.900      330.824     9822.531
     812.698        7.800      330.824     9822.531
     813.719        6.900      330.824     9822.531
     814.733        6.900      330.824     9822.531
     815.750        5.900      330.824     9822.531
     816.764        6.900      330.824     9822.531
     817.781        6.800      330.824     9822.531
     818.804        6.800      330.824     9822.531
     819.827        7.900      330.824     9822.531
     820.838        5.900      330.824     9822.531
     821.859       10.800      330.824     9822.531
     822.879        7.800      330.824     9822.531
     823.902        4.900      330.824     9822.531
     824.926        6.900      330.824     9822.531
     825.945        7.900      330.824     9822.531
     826.964        5.900      330.824     9822.531
     827.987        6.900      330.824     9822.531
     829.006        6.900      330.824     9822.531
     830.030        5.800      330.824     9822.531
     831.055        6.800      330.824     9822.531
     832.077        4.900      330.824     9822.531
     833.102        6.900      330.824     9822.531
     834.117        7.800      330.824     9822.531
     835.139        5.900      330.824     9822.531
     836.160        7.900      330.824     9822.531
     837.171        6.900      330.824     9822.531
     838.187        6.900      330.824     9822.531
     839.199        5.900      330.824     9822.531
     840.216        4.900      330.824     9822.531
     841.236        8.900      330.824     9822.531
     842.247        8.900      330.824     9822.531
     843.263        7.900      331.082     9822.531
     844.276        8.800      331.082     9822.531
     845.301        5.900      331.082     9822.531
     846.324        5.900      331.082     9822.531
     847.340        6.900      331.082     9822.531
     848.356        6.900      331.082     9822.531
     849.375        7.800      331.082     9822.531
     850.400        5.900      331.082     9822.531
     851.422        7.900      331.082     9822.531
     852.434        5.900      331.082     9822.531
     853.461        5.900      331.082     9822.531
     854.482        7.800      331.082     9822.531
     855.509        6.900      331.082     9822.531
     856.527        6.900      331.082     9822.531
     857.546        6.900      331.082     9822.531
     858.565        6.900      331.082     9822.531
     859.580        6.900      331.082     9822.531
     860.595        7.800      331.082     9822.531
     861.613        5.900      331.082     9822.531
     862.636        6.800      331.082     9822.531
     863.659       12.700      331.082     9822.531
     864.682        6.900      331.082     9822.531
     865.704        5.900      331.082     9822.531
     866.724        6.800      331.082     9822.531
     867.749        6.900      331.082     9822.531
     868.763        6.800      331.082     9822.531
     869.787        6.800      331.082     9822.531
     870.811        5.900      331.082     9822.531
     871.830        5.900      331.082     9822.531
     872.848        8.800      331.082     9822.531
     873.870        6.800      331.082     9822.531
     874.894        6.800      331.082     9822.531
     875.923        5.800      331.082     9822.531
     876.952        6.900      331.082     9822.531
     877.966        6.800      331.082     9822.531
     878.990        6.900      331.082     9822.531
     880.016        5.900      331.082     9822.531
     881.029        6.900      331.082     9822.531
     882.046        5.900      331.082     9822.531
     883.063       12.700      331.082     9822.531
     884.085        6.800      331.082     9822.531
     885.112        5.900      331.082     9822.531
     886.130        7.800      331.082     9822.531
     887.153        6.900      331.082     9822.531
     888.167        6.900      331.082     9822.531
     889.188        6.900      331.082     9822.531
     890.204        6.900      331.082     9822.531
     891.218        5.900      331.082     9822.531
     892.233        6.800      331.082     9822.531
     893.259        6.900      331.082     9822.531
     894.279        7.800      331.082     9822.531
     895.300        6.900      331.082     9822.531
     896.316        6.900      331.082     9822.531
     897.334        6.800      331.082     9822.531
     898.358        6.900      331.082     9822.531
     899.374        5.900      331.082     9822.531
     900.386        6.900      331.082     9822.531
     901.408        5.900      331.082     9822.531
     902.424        7.800      331.082     9822.531
     903.448       13.700      331.082     9822.531
     904.471        6.800      331.082     9822.531
     905.492        8.700      331.082     9822.531
     906.520        5.900      331.082     9822.531
     907.535        6.800      331.082     9822.531
     908.558        6.800      331.082     9822.531
     909.584        6.800      331.082     9822.531
     910.607        6.900      331.082     9822.531
     911.629        6.800      331.082     9822.531
     912.655        5.900      331.082     9822.531
     913.680        7.800      331.082     9822.531
     914.707        6.900      331.082     9822.531
     915.730        7.900      331.082     9822.531
     916.752        6.800      331.082     9822.531
     917.772        6.900      331.082     9822.531
     918.793        5.900      331.082     9822.531
     919.817        7.900      331.082     9822.531
     920.838        5.900      331.082     9822.531
     921.855        7.800      331.082     9822.531
     922.879       30.600      368.539     9867.797
     923.894        6.900      331.094     9822.531
     924.914        6.900      331.094     9822.531
     925.933        6.800      331.094     9822.531
     926.959        4.900      331.094     9822.531
     927.987        5.900      331.094     9822.531
     929.005        5.900      331.094     9822.531
     930.025        5.900      331.094     9822.531
     931.043        6.800      331.094     9822.531
     932.066        6.900      331.094     9822.531
     933.084        6.900      331.094     9822.531
     934.104        4.900      331.094     9822.531
     935.120        6.900      331.094     9822.531
     936.142        6.900      331.094     9822.531
     937.160        6.900      331.094     9822.531
     938.186        6.800      331.094     9822.531
     939.209        5.900      331.094     9822.531
     940.230        7.800      331.094     9822.531
     941.255        5.900      331.094     9822.531
     942.272        7.900      331.094     9822.531
     943.288       11.700      331.094     9822.531
     944.315        5.900      331.094     9822.531
     945.331        6.800      331.094     9822.531
     946.363        6.800      331.094     9822.531
     947.388        7.800      331.094     9822.531
     948.412        6.800      331.094     9822.531
     949.438        6.900      331.094     9822.531
     950.455        5.900      331.094     9822.531
     951.484        6.800      331.094     9822.531
     952.507        8.800      331.094     9822.531
     953.529        4.900      331.094     9822.531
     954.546        5.900      331.094     9822.531
     955.569        7.800      331.094     9822.531
     956.587        6.800      331.094     9822.531
     957.611        6.900      331.094     9822.531
     958.630        5.900      331.094     9822.531
     959.649        6.900      331.094     9822.531
     960.674        6.800      331.094     9822.531
     961.695        6.900      331.094     9822.531
     962.712       10.900      331.094     9822.531
     963.726        6.800      331.094     9822.531
     964.750        8.800      331.094     9822.531
     965.767        5.900      331.094     9822.531
     966.785        7.800      331.094     9822.531
     967.804        6.900      331.094     9822.531
     968.821        6.900      331.094     9822.531
     969.841        5.900      331.094     9822.531
     970.858        6.900      331.094     9822.531
     971.873        6.900      331.094     9822.531
     972.892        6.900      331.094     9822.531
     973.906        6.800      331.094     9822.531
     974.930        6.900      331.094     9822.531
     975.945        7.900      331.094     9822.531
     976.959        5.900      331.094     9822.531
     977.977        6.900      331.094     9822.531
     978.995        5.900      331.094     9822.531
     980.014        5.900      331.094     9822.531
     981.037        6.800      331.094     9822.531
     982.060        6.800      331.094     9822.531
     983.091       10.800      331.094     9822.531
     984.107        6.900      331.094     9822.531
     985.129        9.800      345.461     9845.797
     986.144        7.900      331.098     9822.531
     987.162        6.800      331.098     9822.531
     988.188        6.900      331.098     9822.531
     989.207        6.900      331.098     9822.531
     990.224        7.900      331.098     9822.531
     991.240        6.900      331.098     9822.531
     992.257        7.900      331.098     9822.531
     993.276        5.800      331.098     9822.531
     994.308        5.800      331.098     9822.531
     995.339        8.900      331.098     9822.531
     996.353        6.900      331.098     9822.531
     997.370        5.800      331.098     9822.531
     998.401        7.800      331.098     9822.531
     999.423        5.900      331.098     9822.531
    1000.440        5.900      331.098     9822.531
    1001.454        5.900      331.098     9822.531
    1002.475        9.800      331.613     9822.531
    1003.497        6.900      331.613     9822.531
    1004.515        5.900      331.613     9822.531
    1005.532        6.900      331.613     9822.531
    1006.547        6.900      331.613     9822.531
    1007.562        5.900      331.613     9822.531
    1008.578        6.900      331.613     9822.531
    1009.593        4.900      331.613     9822.531
    1010.612        5.900      331.613     9822.531
    1011.627        6.900      331.613     9822.531
    1012.643        6.900      331.613     9822.531
    1013.661        6.900      331.613     9822.531
    1014.677        5.900      331.613     9822.531
    1015.702        5.900      331.613     9822.531
    1016.717        5.900      331.613     9822.531
    1017.736        6.900      331.613     9822.531
    1018.752        6.900      331.613     9822.531
    1019.774        7.900      331.613     9822.531
    1020.791       10.800      331.613     9822.531
    1021.810        7.800      331.613     9822.531
    1022.836        6.900      331.613     9822.531
    1023.851        5.900      331.613     9822.531
    1024.871        6.900      331.613     9822.531
    1025.891        5.900      331.613     9822.531
    1026.909        5.900      331.613     9822.531
    1027.930        7.900      331.613     9822.531
    1028.948        3.900      331.613     9822.531
    1029.969        5.900      331.613     9822.531
    1030.993        5.800      331.613     9822.531
    1032.023        7.800      331.613     9822.531
    1033.043        5.900      331.613     9822.531
    1034.064        5.900      331.613     9822.531
    1035.076        7.900      331.613     9822.531
    1036.096        6.900      331.613     9822.531
    1037.115        7.900      331.613     9822.531
    1038.133        4.900      331.613     9822.531
    1039.146        6.800      331.613     9822.531
    1040.173        6.800      331.613     9822.531
    1041.195        9.800      331.613     9822.531
    1042.215        7.800      331.613     9822.531
    1043.237        4.900      331.613     9822.531
    1044.262        7.800      331.613     9822.531
    1045.290        7.700      331.613     9822.531
    1046.310        7.800      331.613     9822.531
    1047.333        5.900      331.613     9822.531
    1048.356        6.900      331.613     9822.531
    1049.376        5.900      331.613     9822.531
    1050.395       68.200      379.539     9876.797
    1051.414        7.800      331.742     9822.531
    1052.444        6.800      331.742     9822.531
    1053.472        4.900      331.742     9822.531
    1054.493        8.800      331.742     9822.531
    1055.513        6.900      331.742     9822.531
    1056.529        7.800      343.809     9843.797
    1057.549        6.800      331.746     9822.531
    1058.573        4.900      331.746     9822.531
    1059.594        5.900      331.746     9822.531
    1060.612       12.800      331.746     9822.531
    1061.630        5.900      331.746     9822.531
    1062.651        5.900      331.746     9822.531
    1063.666        6.900      331.746     9822.531
    1064.680        6.900      331.746     9822.531
    1065.697        5.900      331.746     9822.531
    1066.720        7.900      331.746     9822.531
    1067.734        7.900      331.746     9822.531
    1068.750        6.900      331.746     9822.531
    1069.766        6.800      331.746     9822.531
    1070.797        6.900      331.746     9822.531
    1071.812        7.800      331.746     9822.531
    1072.832        6.900      331.746     9822.531
    1073.846        6.800      331.746     9822.531
    1074.872        6.800      331.746     9822.531
    1075.896        4.900      331.746     9822.531
    1076.919        7.800      331.746     9822.531
    1077.944        9.800      331.746     9822.531
    1078.960        6.900      331.746     9822.531
    1079.976        5.800      331.746     9822.531
    1081.003        5.900      331.746     9822.531
    1082.020        4.900      331.746     9822.531
    1083.034        6.900      331.746     9822.531
    1084.052        5.800      331.746     9822.531
    1085.084        5.900      331.746     9822.531
    1086.105        7.800      331.746     9822.531
    1087.133        6.800      331.746     9822.531
    1088.155        5.900      331.746     9822.531
    1089.177        7.900      331.746     9822.531
    1090.204        7.800      331.746     9822.531
    1091.224        6.800      331.746     9822.531
    1092.250        7.900      331.746     9822.531
    1093.268        5.900      331.746     9822.531
    1094.288        6.900      331.746     9822.531
    1095.312        7.800      331.746     9822.531
    1096.338       10.800      331.746     9822.531
    1097.357        6.900      331.746     9822.531
    1098.382        5.800      331.746     9822.531
    1099.407        4.900      331.746     9822.531
    1100.429        6.900      331.746     9822.531
    1101.448        5.900      331.746     9822.531
    1102.465        5.900      331.746     9822.531
    1103.491        6.800      331.746     9822.531
    1104.513        7.900      331.746     9822.531
    1105.529        6.900      331.746     9822.531
    1106.545        5.900      331.746     9822.531
    1107.564        5.900      331.746     9822.531
    1108.589        4.900      331.746     9822.531
    1109.607        6.900      331.746     9822.531
    1110.624        7.900      331.746     9822.531
    1111.642        4.900      331.746     9822.531
    1112.656        6.800      331.746     9822.531
    1113.693        4.900      331.746     9822.531
    1114.709       10.800      331.746     9822.531
    1115.732        5.900      331.746     9822.531
    1116.748        5.900      331.746     9822.531
    1117.765        5.900      331.746     9822.531
    1118.787        6.900      331.746     9822.531
    1119.805        6.900      331.746     9822.531
    1120.827        5.900      331.746     9822.531
    1121.844        6.900      331.746     9822.531
    1122.859        6.900      331.746     9822.531
    1123.879        5.800      331.746     9822.531
    1124.901        7.900      331.746     9822.531
    1125.918        4.900      331.746     9822.531
    1126.932        6.800      331.746     9822.531
    1127.954        5.900      331.746     9822.531
    1128.972        6.900      331.746     9822.531
    1129.985        7.900      331.746     9822.531
    1130.997        6.900      331.746     9822.531
    1132.017        5.900      331.746     9822.531
    1133.034        9.800      332.008     9822.531
    1134.057        5.900      332.008     9822.531
    1135.075        6.900      332.008     9822.531
    1136.090        4.900      332.008     9822.531
    1137.106        6.900      332.008     9822.531
    1138.124        6.900      332.008     9822.531
    1139.144        5.900      332.008     9822.531
    1140.161        6.800      332.008     9822.531
    1141.191        5.800      332.008     9822.531
    1142.214        4.900      332.008     9822.531
    1143.231        5.900      332.008     9822.531
    1144.249        6.900      332.008     9822.531
    1145.261        6.900      332.008     9822.531
    1146.274        6.800      332.008     9822.531
    1147.299        5.900      332.008     9822.531
    1148.315        4.900      332.008     9822.531
    1149.338        7.800      332.008     9822.531
    1150.367        9.800      333.039     9822.531
    1151.385        6.800      333.039     9822.531
    1152.405        6.900      333.039     9822.531
    1153.428        6.900      333.039     9822.531
    1154.443        7.900      333.039     9822.531
    1155.460        7.800      333.039     9822.531
    1156.479        5.900      333.039     9822.531
    1157.499        6.900      333.039     9822.531
    1158.515        7.900      333.039     9822.531
    1159.531        5.800      333.039     9822.531
    1160.558        5.900      333.039     9822.531
    1161.575        7.800      333.039     9822.531
    1162.594        7.900      333.039     9822.531
    1163.612        6.800      333.039     9822.531
    1164.645        6.900      333.039     9822.531
    1165.662        5.900      333.039     9822.531
    1166.677        7.900      333.039     9822.531
    1167.692        8.800      334.328     9822.531
    1168.714        4.900      334.328     9822.531
    1169.741        6.900      334.328     9822.531
    1170.761        6.800      334.328     9822.531
    1171.785        5.900      334.328     9822.531
    1172.802        5.900      334.328     9822.531
    1173.816        7.900      334.328     9822.531
    1174.832        6.900      334.328     9822.531
    1175.855        6.900      334.328     9822.531
    1176.871        5.900      334.328     9822.531
    1177.890        5.900      334.328     9822.531
    1178.911        6.900      334.328     9822.531
    1179.931        7.900      334.328     9822.531
    1180.947        5.900      334.328     9822.531
    1181.964        5.900      334.328     9822.531
    1182.980        6.900      334.328     9822.531
    1184.001        7.800      334.328     9822.531
    1185.024        8.800      335.102     9822.531
    1186.048        4.900      335.102     9822.531
    1187.069        6.800      335.102     9822.531
    1188.094        4.900      335.102     9822.531
    1189.122        6.800      335.102     9822.531
    1190.148        7.900      335.102     9822.531
    1191.161        6.900      335.102     9822.531
    1192.183        6.800      335.102     9822.531
    1193.212        7.800      335.102     9822.531
    1194.234        7.800      335.102     9822.531
    1195.257        6.900      335.102     9822.531
    1196.272        5.900      335.102     9822.531
    1197.289        6.900      335.102     9822.531
    1198.308        7.800      335.102     9822.531
    1199.333        7.800      335.102     9822.531
    1200.349        6.900      335.102     9822.531
    1201.368        4.900      335.102     9822.531
    1202.392        5.900      335.102     9822.531
    1203.406       11.700      335.875     9822.531
    1204.428        5.900      335.875     9822.531
    1205.446        8.800      335.875     9822.531
    1206.474        5.900      335.875     9822.531
    1207.496        5.900      335.875     9822.531
    1208.519        6.800      335.875     9822.531
    1209.547        7.900      335.875     9822.531
    1210.568        5.900      335.875     9822.531
    1211.586        5.800      335.875     9822.531
    1212.613        6.800      335.875     9822.531
    1213.638        5.900      335.875     9822.531
    1214.657        6.800      335.875     9822.531
    1215.694        9.900      335.875     9822.531
    1216.710        6.900      335.875     9822.531
    1217.725        5.900      335.875     9822.531
    1218.742        7.900      335.875     9822.531
    1219.772       11.500      335.875     9822.531
    1220.798        7.900      335.875     9822.531
    1221.811        5.900      335.875     9822.531
    1222.829        6.800      335.875     9822.531
    1223.854        6.800      335.875     9822.531
    1224.881        4.900      335.875     9822.531
    1225.906        6.800      335.875     9822.531
    1226.930        6.800      335.875     9822.531
    1227.954        5.900      335.875     9822.531
    1228.972        6.900      335.875     9822.531
    1229.986        6.900      335.875     9822.531
    1231.003        6.900      335.875     9822.531
    1232.018        5.900      335.875     9822.531
    1233.041        7.900      335.875     9822.531
    1234.056        6.900      335.875     9822.531
    1235.075        7.800      335.875     9822.531
    1236.094       12.700      336.645     9822.531
    1237.119        5.900      336.645     9822.531
    1238.141        6.900      336.645     9822.531
    1239.162        6.900      336.645     9822.531
    1240.176        6.900      336.645     9822.531
    1241.193        6.900      336.645     9822.531
    1242.212        6.800      336.645     9822.531
    1243.231        6.900      336.645     9822.531
    1244.248        6.800      336.645     9822.531
    1245.274        5.900      336.645     9822.531
    1246.296        5.900      336.645     9822.531
    1247.313        8.800      336.645     9822.531
    1248.330        6.800      336.645     9822.531
    1249.356        6.900      336.645     9822.531
    1250.375        4.900      336.645     9822.531
    1251.394        7.800      336.645     9822.531
    1252.418        8.900      336.645     9822.531
    1253.432       10.800      337.672     9822.531
    1254.450        6.900      337.672     9822.531
    1255.471        6.900      337.672     9822.531
    1256.488        5.900      337.672     9822.531
    1257.511        6.800      337.672     9822.531
    1258.533        6.900      337.672     9822.531
    1259.549        6.900      337.672     9822.531
    1260.570        6.800      337.672     9822.531
    1261.602        8.900      337.672     9822.531
    1262.624        5.900      337.672     9822.531
    1263.641        7.800      337.672     9822.531
    1264.665        7.800      337.672     9822.531
    1265.683        6.800      337.672     9822.531
    1266.707        5.800      337.672     9822.531
    1267.735        7.800      337.672     9822.531
    1268.762        6.900      337.672     9822.531
    1269.779        8.800      338.441     9822.531
    1270.796        6.900      338.441     9822.531
    1271.812        6.900      338.441     9822.531
    1272.828        6.900      338.441     9822.531
    1273.842        6.900      338.441     9822.531
    1274.858        5.900      338.441     9822.531
    1275.880        7.800      338.441     9822.531
    1276.904        5.900      338.441     9822.531
    1277.916        6.900      338.441     9822.531
    1278.937        7.800      338.441     9822.531
    1279.959        6.800      338.441     9822.531
    1280.992        7.800      338.441     9822.531
    1282.011        7.900      338.441     9822.531
    1283.030        6.900      338.441     9822.531
    1284.049        3.900      338.441     9822.531
    1285.067        7.800      338.441     9822.531
    1286.091        5.900      338.699     9822.531
    1287.109       10.800      339.473     9822.531
    1288.130        5.900      339.473     9822.531
    1289.145        6.900      339.473     9822.531
    1290.166        7.900      339.473     9822.531
    1291.183        7.800      339.473     9822.531
    1292.207        4.900      339.473     9822.531
    1293.219        7.900      339.473     9822.531
    1294.234        7.800      339.473     9822.531
    1295.256        6.900      339.473     9822.531
    1296.271        5.900      339.473     9822.531
    1297.294        6.900      339.473     9822.531
    1298.318        5.800      339.473     9822.531
    1299.343        5.900      339.473     9822.531
    1300.361        6.900      339.473     9822.531
    1301.380        5.900      339.473     9822.531
    1302.395       10.700      340.504     9822.531
    1303.422        7.900      340.504     9822.531
    1304.439        6.900      340.504     9822.531
    1305.457        7.800      340.504     9822.531
    1306.484        3.900      340.504     9822.531
    1307.500        6.900      340.504     9822.531
    1308.519        6.900      340.504     9822.531
    1309.538        7.800      340.504     9822.531
    1310.566        5.900      340.504     9822.531
    1311.589        7.800      340.504     9822.531
    1312.614        6.900      340.504     9822.531
    1313.627        5.900      340.504     9822.531
    1314.649        6.900      340.504     9822.531
    1315.669        6.900      340.504     9822.531
    1316.689        6.900      340.504     9822.531
    1317.706        6.800      340.504     9822.531
    1318.732        9.800      341.535     9822.531
    1319.752        6.800      341.535     9822.531
    1320.774        6.800      341.535     9822.531
    1321.801        6.900      341.535     9822.531
    1322.822        5.900      341.535     9822.531
    1323.841        5.900      341.535     9822.531
    1324.857        6.900      341.535     9822.531
    1325.873        6.800      341.535     9822.531
    1326.896        6.900      341.535     9822.531
    1327.915        6.900      341.535     9822.531
    1328.934        6.800      341.535     9822.531
    1329.958        6.900      341.535     9822.531
    1330.970        5.900      341.535     9822.531
    1331.993        5.900      341.535     9822.531
    1333.010        6.900      341.535     9822.531
    1334.026        6.900      341.535     9822.531
    1335.048        7.800      342.352     9822.531
    1336.070        7.800      342.352     9822.531
    1337.092        7.900      342.352     9822.531
    1338.111       10.900      342.352     9822.531
    1339.123        6.900      342.352     9822.531
    1340.145        6.900      342.352     9822.531
    1341.160        6.800      342.352     9822.531
    1342.183        6.900      342.352     9822.531
    1343.196        7.900      342.352     9822.531
    1344.215        4.900      342.352     9822.531
    1345.238        7.800      342.352     9822.531
    1346.273        7.800      342.352     9822.531
    1347.290        6.900      342.352     9822.531
    1348.304        5.900      342.352     9822.531
    1349.324        5.900      342.352     9822.531
    1350.349        7.800      342.352     9822.531
    1351.371       11.800      342.863     9822.531
    1352.387        6.800      342.863     9822.531
    1353.410        6.900      342.863     9822.531
    1354.425        4.900      342.863     9822.531
    1355.443        7.800      342.863     9822.531
    1356.463        5.900      342.863     9822.531
    1357.487        7.800      342.863     9822.531
    1358.508        5.900      342.863     9822.531
    1359.525        6.800      342.863     9822.531
    1360.546        6.900      342.863     9822.531
    1361.565        6.900      342.863     9822.531
    1362.584        5.900      342.863     9822.531
    1363.597        5.900      342.863     9822.531
    1364.618        7.800      342.863     9822.531
    1365.642        7.800      342.863     9822.531
    1366.657        9.800      342.863     9822.531
    1367.678        4.900      342.863     9822.531
    1368.699        9.800      342.863     9822.531
    1369.714        7.800      342.863     9822.531
    1370.734        5.900      342.863     9822.531
    1371.748        7.800      342.863     9822.531
    1372.769        5.900      342.863     9822.531
    1373.784        7.800      342.863     9822.531
    1374.808        5.900      342.863     9822.531
    1375.832        7.800      342.863     9822.531
    1376.854        5.900      342.863     9822.531
    1377.875        5.900      342.863     9822.531
    1378.892        6.900      342.863     9822.531
    1379.914        6.900      342.863     9822.531
    1380.930        5.900      342.863     9822.531
    1381.952       12.700      342.863     9822.531
    1382.976        7.900      342.863     9822.531
    1383.989        7.900      342.863     9822.531
    1385.006        5.900      342.863     9822.531
    1386.025        6.800      342.863     9822.531
    1387.056        6.900      342.863     9822.531
    1388.080        6.800      342.863     9822.531
    1389.094        5.900      342.863     9822.531
    1390.114        6.800      342.863     9822.531
    1391.136        5.900      342.863     9822.531
    1392.153        6.900      342.863     9822.531
    1393.172        5.900      342.863     9822.531
    1394.190        6.800      342.863     9822.531
    1395.214        6.900      342.863     9822.531
    1396.234        5.900      342.863     9822.531
    1397.249       10.700      342.863     9822.531
    1398.276        4.800      342.863     9822.531
    1399.310        5.900      342.863     9822.531
    1400.327        6.900      342.863     9822.531
    1401.345        5.900      342.863     9822.531
    1402.367        6.900      342.863     9822.531
    1403.391        5.900      342.863     9822.531
    1404.410        7.800      342.863     9822.531
    1405.434        4.900      342.863     9822.531
    1406.448        7.900      342.863     9822.531
    1407.466        5.900      342.863     9822.531
    1408.480        8.800      342.863     9822.531
    1409.500        5.900      342.863     9822.531
    1410.518        6.900      342.863     9822.531
    1411.532        4.900      342.863     9822.531
    1412.553       11.800      342.863     9822.531
    1413.573        8.800      342.863     9822.531
    1414.591        6.800      342.863     9822.531
    1415.614        6.900      342.863     9822.531
    1416.632        5.900      342.863     9822.531
    1417.658        6.900      342.863     9822.531
    1418.671        5.900      342.863     9822.531
    1419.687        7.900      342.863     9822.531
    1420.708        6.800      342.863     9822.531
    1421.727        5.900      342.863     9822.531
    1422.744        8.800      342.863     9822.531
    1423.769        5.900      342.863     9822.531
    1424.787        6.900      342.863     9822.531
    1425.800        6.900      342.863     9822.531
    1426.816        5.900      342.863     9822.531
    1427.832       10.800      342.863     9822.531
    1428.851        7.900      342.863     9822.531
    1429.867        7.800      342.863     9822.531
    1430.890        7.800      342.863     9822.531
    1431.912        5.900      342.863     9822.531
    1432.929        6.900      342.863     9822.531
    1433.951        6.900      342.863     9822.531
    1434.967        6.800      342.863     9822.531
    1435.992        6.900      342.863     9822.531
    1437.012        5.900      342.863     9822.531
    1438.032        6.900      342.863     9822.531
    1439.044        6.900      342.863     9822.531
    1440.066        5.800      342.863     9822.531
    1441.088        6.900      342.863     9822.531
    1442.108        6.900      342.863     9822.531
    1443.128       11.700      343.121     9822.531
    1444.153        6.800      343.121     9822.531
    1445.176        5.900      343.121     9822.531
    1446.196        5.800      343.121     9822.531
    1447.223        6.900      343.121     9822.531
    1448.242        6.900      343.121     9822.531
    1449.262        6.900      343.121     9822.531
    1450.281        6.800      343.121     9822.531
    1451.311        7.900      343.121     9822.531
    1452.328        6.900      343.121     9822.531
    1453.340        5.900      343.121     9822.531
    1454.360        6.900      343.121     9822.531
    1455.380        5.900      343.121     9822.531
    1456.403        7.800      343.121     9822.531
    1457.424        8.800      343.121     9822.531
    1458.441       10.800      343.121     9822.531
    1459.461        6.900      343.121     9822.531
    1460.481        8.800      343.121     9822.531
    1461.500        5.900      343.121     9822.531
    1462.515        6.900      343.121     9822.531
    1463.532        5.900      343.121     9822.531
    1464.562        7.800      343.121     9822.531
    1465.575        6.800      343.121     9822.531
    1466.598        7.800      343.121     9822.531
    1467.621        5.900      343.121     9822.531
    1468.643        7.900      343.121     9822.531
    1469.661        6.900      343.121     9822.531
    1470.676        4.900      343.121     9822.531
    1471.691        6.900      343.121     9822.531
    1472.711        5.900      343.121     9822.531
    1473.725        9.800      343.121     9822.531
    1474.751        7.800      343.121     9822.531
    1475.771        6.900      343.121     9822.531
    1476.790        5.900      343.121     9822.531
    1477.807        6.900      343.121     9822.531
    1478.820        6.800      343.121     9822.531
    1479.844        7.800      343.121     9822.531
    1480.867        4.900      343.121     9822.531
    1481.889        6.800      343.121     9822.531
    1482.914        5.900      343.121     9822.531
    1483.931        7.800      343.121     9822.531
    1484.959        5.900      343.121     9822.531
    1485.984        6.800      343.121     9822.531
    1487.004        5.900      343.121     9822.531
    1488.025       11.900      343.121     9822.531
    1489.038        6.900      343.121     9822.531
    1490.051        7.900      343.121     9822.531
    1491.065        6.900      343.121     9822.531
    1492.081        5.900      343.121     9822.531
    1493.101        9.800      343.121     9822.531
    1494.120        5.900      343.121     9822.531
    1495.143        6.800      343.121     9822.531
    1496.175        6.800      343.121     9822.531
    1497.193        6.800      343.121     9822.531
    1498.217        4.900      343.121     9822.531
    1499.243        5.900      343.121     9822.531
