# Elapsed time   CPU (%)     Real (MB)   Virtual (MB)
       0.000        0.000       28.203     8205.742
       1.024      224.900      111.969     9004.656
       2.045      248.900      143.141     9529.719
       3.081      223.500      161.293     9602.719
       4.115      226.600      208.719     9603.719
       5.143      230.000      242.887     9603.719
       6.169      213.000      289.113     9611.719
       7.193      223.500      178.258     9872.742
       8.237      187.500      196.750     9874.797
       9.253       48.000      198.645     9874.797
      10.275       37.400      200.262     9874.797
      11.293       34.300      203.086     9874.797
      12.313       37.200      205.297     9874.797
      13.332       27.400      206.973     9874.797
      14.354       19.500      208.250     9874.797
      15.379       30.200      210.230     9874.797
      16.406       22.600      211.617     9874.797
      17.427       62.900      212.094     9873.797
      18.441       31.500      213.074     9872.797
      19.459       42.100      215.301     9872.797
      20.481       29.400      217.824     9872.797
      21.503       31.500      219.445     9872.797
      22.523       36.900      228.277     9872.797
      23.549       31.300      228.469     9872.797
      24.573       28.200      228.758     9872.797
      25.599       19.500      228.809     9872.797
      26.627       21.500      228.918     9872.797
      27.646       27.500      230.469     9872.797
      28.667       34.200      231.379     9872.797
      29.693       25.300      231.434     9872.797
      30.718       32.300      231.715     9872.797
      31.739       23.500      231.793     9872.797
      32.765       17.700      231.793     9872.797
      33.784       27.500      231.793     9872.797
      34.802       28.600      232.035     9872.797
      35.819       17.500      232.551     9872.797
      36.845       22.400      232.758     9872.797
      37.871       17.600      232.758     9872.797
      38.897       11.800      233.828     9872.797
      39.914       29.400      234.086     9872.797
      40.931       18.500      234.207     9872.797
      41.959       28.200      234.285     9872.797
      42.987       35.200      234.320     9872.797
      44.008       32.100      234.320     9872.797
      45.036       18.500      234.320     9872.797
      46.061       17.600      234.367     9872.797
      47.083       15.700      234.367     9872.797
      48.099       13.700      234.367     9872.797
      49.119       19.700      234.367     9872.797
      50.134       35.400      234.367     9872.797
      51.152       20.700      234.367     9872.797
      52.168       26.500      234.367     9872.797
      53.184       13.700      234.422     9872.797
      54.202       62.100      234.410     9872.797
      55.216       12.800      233.652     9871.797
      56.235        9.800      233.715     9871.797
      57.259       13.700      233.715     9871.797
      58.281       61.800      233.715     9871.797
      59.300       30.400      233.715     9871.797
      60.321       16.600      233.715     9871.797
      61.343        6.900      233.715     9871.797
      62.362       13.800      233.715     9871.797
      63.382       27.400      232.910     9870.797
      64.402       19.600      232.910     9870.797
      65.423       21.400      232.910     9870.797
      66.447       20.700      232.910     9870.797
      67.461       36.100      232.910     9870.797
      68.488       17.700      232.910     9870.797
      69.502       26.300      232.910     9870.797
      70.528       39.200      232.082     9869.797
      71.547        8.900      232.082     9869.797
      72.564       30.300      231.086     9868.797
      73.590       15.600      231.086     9868.797
      74.611        8.800      231.086     9868.797
      75.632       27.300      227.594     9866.797
      76.658       45.200      237.125     9874.797
      77.688       17.300      236.379     9873.797
      78.714        6.900      236.379     9873.797
      79.731        5.900      236.379     9873.797
      80.752       25.300      235.934     9873.797
      81.780        9.700      235.438     9872.797
      82.808        7.800      203.418     9842.797
      83.827       17.500      216.020     9858.797
      84.854       33.100      229.926     9868.797
      85.882       20.600      232.180     9869.797
      86.905        7.800      191.641     9822.531
      87.929        8.800      191.641     9822.531
      88.957       10.700      203.703     9843.797
      89.988        5.900      191.641     9822.531
      91.004        7.900      191.641     9822.531
      92.020       17.700      214.602     9854.797
      93.038       35.000      236.637     9874.797
      94.064       22.700      236.215     9873.797
      95.080       27.600      236.215     9873.797
      96.097        6.900      236.215     9873.797
      97.110       36.300      235.930     9873.797
      98.130       24.500      237.082     9874.797
      99.152        7.800      237.082     9874.797
     100.171       28.500      237.277     9874.797
     101.193       23.600      236.535     9873.797
     102.211        6.800      191.910     9822.531
     103.234       12.700      208.031     9846.797
     104.256       10.800      218.082     9857.797
     105.274        5.800      191.922     9822.531
     106.313       17.500      217.309     9855.797
     107.333       24.700      235.844     9873.797
     108.346       11.800      236.516     9873.797
     109.368        8.800      236.516     9873.797
     110.383        7.900      191.941     9822.531
     111.400       14.600      210.523     9849.797
     112.429        8.800      213.098     9852.797
     113.449        6.900      213.355     9853.797
     114.467       20.500      225.531     9863.797
     115.489        5.800      225.531     9863.797
     116.514       10.700      207.332     9846.797
     117.540        7.800      191.980     9822.531
     118.566        5.800      191.980     9822.531
     119.593        6.900      191.980     9822.531
     120.614        4.900      191.980     9822.531
     121.641        5.800      191.980     9822.531
     122.670        9.800      206.598     9845.797
     123.692       18.500      222.988     9862.797
     124.721        5.900      191.992     9822.531
     125.734       18.600      219.707     9859.797
     126.755        7.800      220.215     9860.797
     127.775       35.100      230.117     9868.797
     128.799       25.700      235.586     9872.797
     129.810        6.900      192.113     9822.531
     130.833       11.700      211.773     9850.797
     131.861        5.800      212.059     9852.797
     132.887        8.800      213.340     9857.797
     133.904        6.900      215.145     9860.797
     134.922        8.800      217.672     9862.797
     135.943        6.900      192.133     9822.531
     136.959       11.800      207.809     9846.797
     137.976        6.900      209.375     9848.797
     138.989        7.900      192.246     9822.531
     140.004        5.900      192.246     9822.531
     141.023       16.600      218.543     9856.797
     142.044       12.600      225.285     9863.797
     143.075        8.800      225.285     9863.797
     144.093       12.800      227.773     9866.797
     145.108        6.800      227.773     9866.797
     146.133       14.600      212.273     9850.797
     147.161       20.600      234.223     9871.797
     148.181        7.800      234.223     9871.797
     149.206        7.800      192.285     9822.531
     150.223        5.900      192.285     9822.531
     151.250        5.800      192.285     9822.531
     152.276       52.100      238.207     9875.797
     153.294        6.900      192.473     9822.531
     154.315        4.900      197.945     9840.797
     155.340        8.900      207.523     9846.797
     156.356        6.900      208.082     9847.797
     157.375        9.700      204.840     9843.797
     158.403       46.200      236.977     9873.797
     159.420        7.800      192.531     9822.531
     160.448       30.200      228.617     9865.797
     161.472        4.900      192.559     9822.531
     162.492        8.800      208.156     9846.797
     163.512       17.600      215.891     9854.797
     164.537       13.700      226.277     9865.797
     165.561        5.900      192.578     9822.531
     166.580       10.800      206.430     9844.797
     167.603        8.800      207.234     9845.797
     168.623        6.900      192.582     9822.531
     169.639        6.900      192.582     9822.531
     170.656        5.800      192.582     9822.531
     171.684       18.500      218.738     9856.797
     172.714        7.800      192.598     9822.531
     173.739        4.900      192.598     9822.531
     174.750        4.900      192.598     9822.531
     175.765        5.900      192.598     9822.531
     176.782        8.900      203.371     9841.797
     177.795        6.900      203.371     9841.797
     178.820        8.800      203.371     9841.797
     179.838        4.900      203.371     9841.797
     180.856        6.900      203.371     9841.797
     181.873        5.900      192.598     9822.531
     182.896        4.900      192.598     9822.531
     183.915        6.900      192.598     9822.531
     184.936       30.600      229.863     9866.797
     185.950        7.800      192.605     9822.531
     186.971        5.900      192.605     9822.531
     187.986       25.500      228.297     9865.797
     189.005        7.800      192.625     9822.531
     190.025       17.600      219.340     9857.797
     191.048       19.500      234.293     9871.797
     192.071       10.700      234.293     9871.797
     193.094        4.900      192.668     9822.531
     194.127       29.300      228.203     9865.797
     195.143        8.800      205.191     9843.797
     196.164        6.900      192.676     9822.531
     197.185        9.800      205.605     9843.797
     198.201        4.900      192.680     9822.531
     199.217        6.800      192.680     9822.531
     200.242        6.900      192.680     9822.531
     201.259        6.900      192.680     9822.531
     202.279        5.800      192.680     9822.531
     203.308        6.900      192.680     9822.531
     204.326        6.800      192.680     9822.531
     205.354        6.900      192.680     9822.531
     206.371        6.900      192.680     9822.531
     207.388        4.900      192.680     9822.531
     208.415       45.000      237.348     9873.797
     209.430        6.800      192.699     9822.531
     210.455        5.800      192.699     9822.531
     211.482        6.800      206.250     9844.797
     212.507        8.900      206.250     9844.797
     213.519        4.900      206.250     9844.797
     214.531       10.700      212.270     9851.797
     215.558        7.900      192.703     9822.531
     216.576       10.800      205.176     9843.797
     217.592        5.900      192.965     9822.531
     218.622       13.500      213.598     9853.797
     219.646       10.800      217.465     9857.797
     220.665       11.800      225.582     9865.797
     221.681        9.700      226.094     9865.797
     222.712       27.600      236.906     9873.797
     223.729       49.900      237.938     9873.797
     224.750        4.900      237.938     9873.797
     225.766        7.800      237.938     9873.797
     226.794        7.900      238.453     9873.797
     227.807       23.500      238.453     9873.797
     228.830        5.900      238.453     9873.797
     229.849        6.900      193.633     9822.531
     230.872        5.800      193.633     9822.531
     231.897       18.600      218.199     9856.797
     232.918        7.900      193.641     9822.531
     233.935        5.900      193.641     9822.531
     234.955        5.900      193.641     9822.531
     235.973        6.900      193.641     9822.531
     236.988       16.600      215.793     9852.797
     238.013        6.800      193.895     9822.531
     239.037        6.900      193.895     9822.531
     240.049        7.800      204.562     9841.797
     241.078        4.900      193.895     9822.531
     242.110        4.900      193.895     9822.531
     243.134        5.900      193.895     9822.531
     244.153        8.800      206.938     9843.797
     245.173        6.900      210.047     9846.797
     246.191        8.800      211.125     9847.797
     247.214        7.800      193.898     9822.531
     248.242        6.800      193.898     9822.531
     249.270        5.900      193.898     9822.531
     250.293        4.900      193.898     9822.531
     251.315        5.800      193.898     9822.531
     252.341       16.600      220.699     9857.797
     253.366        6.900      193.902     9822.531
     254.379        4.900      193.902     9822.531
     255.397        8.900      205.902     9842.797
     256.412        7.800      205.039     9842.797
     257.441        8.900      208.316     9846.797
     258.454       32.300      228.965     9865.797
     259.476        8.800      228.965     9865.797
     260.503        5.900      194.199     9822.531
     261.527        5.900      194.199     9822.531
     262.549        7.900      207.453     9844.797
     263.564       14.600      218.562     9856.797
     264.593       12.700      228.156     9865.797
     265.610       10.900      212.715     9849.797
     266.624       12.800      213.609     9849.797
     267.644       26.300      234.762     9869.797
     268.668        4.900      194.707     9822.531
     269.686        6.900      194.707     9822.531
     270.700        4.900      194.707     9822.531
     271.726        5.800      194.707     9822.531
     272.749        6.900      194.707     9822.531
     273.762        5.900      194.707     9822.531
     274.786        5.900      194.707     9822.531
     275.804       16.700      223.930     9859.797
     276.824        8.800      194.973     9822.531
     277.848        4.900      194.973     9822.531
     278.863        6.900      194.973     9822.531
     279.883        4.900      194.973     9822.531
     280.908        5.900      194.973     9822.531
     281.926        5.900      194.973     9822.531
     282.941        4.900      194.973     9822.531
     283.959        4.900      194.973     9822.531
     284.978        5.900      194.973     9822.531
     286.001        4.900      194.973     9822.531
     287.015        6.800      195.488     9822.531
     288.037        3.900      195.488     9822.531
     289.059        7.800      195.488     9822.531
     290.086        5.800      195.488     9822.531
     291.113        3.900      195.488     9822.531
     292.132        6.900      195.488     9822.531
     293.151       17.700      221.672     9857.797
     294.171       20.700      232.246     9866.797
     295.187        6.900      195.504     9822.531
     296.204        8.800      195.504     9822.531
     297.227        3.900      195.504     9822.531
     298.248        7.900      195.504     9822.531
     299.268        4.900      195.504     9822.531
     300.294        4.900      195.504     9822.531
     301.311        5.900      195.504     9822.531
     302.328        6.800      195.504     9822.531
     303.349        5.900      195.504     9822.531
     304.364        6.900      195.504     9822.531
     305.385        5.800      195.504     9822.531
     306.409       10.900      208.281     9843.797
     307.423        6.900      195.766     9822.531
     308.436        5.900      195.766     9822.531
     309.459        5.900      195.766     9822.531
     310.473        5.800      195.766     9822.531
     311.499        4.900      195.766     9822.531
     312.517        5.900      195.766     9822.531
     313.537        8.800      207.781     9842.797
     314.561        6.800      195.766     9822.531
     315.586        6.900      202.188     9840.797
     316.603        6.800      196.023     9822.531
     317.635        7.800      208.750     9843.797
     318.654        4.900      196.023     9822.531
     319.669        5.900      196.023     9822.531
     320.687        5.900      196.023     9822.531
     321.706        4.900      196.023     9822.531
     322.736        4.900      196.023     9822.531
     323.752        3.900      196.023     9822.531
     324.770        8.800      196.023     9822.531
     325.792        4.800      196.023     9822.531
     326.824        3.900      196.023     9822.531
     327.845        5.900      196.023     9822.531
     328.868        5.900      196.023     9822.531
     329.882        4.900      196.023     9822.531
     330.898        6.900      196.023     9822.531
     331.918        5.900      196.023     9822.531
     332.939        7.900      196.023     9822.531
     333.954        5.900      196.023     9822.531
     334.972       31.500      232.113     9865.797
     335.988        7.800      196.598     9822.531
     337.012        5.900      196.598     9822.531
     338.038        4.900      196.598     9822.531
     339.057        6.800      196.598     9822.531
     340.080        6.900      196.598     9822.531
     341.098        5.900      196.598     9822.531
     342.115        7.800      196.598     9822.531
     343.143        7.800      196.598     9822.531
     344.167        6.900      197.113     9822.531
     345.184        5.900      197.113     9822.531
     346.202        5.900      197.113     9822.531
     347.223        6.800      197.113     9822.531
     348.245        7.800      197.113     9822.531
     349.275        8.800      211.422     9845.797
     350.294        4.900      197.113     9822.531
     351.313        5.800      197.113     9822.531
     352.344       11.800      214.250     9848.797
     353.357        6.900      197.117     9822.531
     354.374        5.900      197.117     9822.531
     355.389        4.900      197.117     9822.531
     356.410        5.900      197.117     9822.531
     357.425       10.700      214.250     9847.797
     358.448        6.900      197.121     9822.531
     359.468        4.900      197.121     9822.531
     360.495        4.900      197.121     9822.531
     361.519        5.900      208.262     9842.797
     362.538        5.900      197.121     9822.531
     363.553        5.900      197.121     9822.531
     364.581        5.900      197.121     9822.531
     365.598        8.800      209.621     9844.797
     366.614        6.900      197.121     9822.531
     367.630        6.900      197.121     9822.531
     368.648       12.700      220.594     9855.797
     369.669        7.800      222.395     9857.797
     370.696        5.900      197.137     9822.531
     371.717        9.800      197.137     9822.531
     372.742        5.900      197.137     9822.531
     373.761        7.800      197.137     9822.531
     374.783        5.900      197.137     9822.531
     375.803        5.900      197.137     9822.531
     376.827        3.900      197.137     9822.531
     377.853        5.900      197.137     9822.531
     378.868        5.900      197.137     9822.531
     379.888        8.800      197.137     9822.531
     380.915        4.900      197.137     9822.531
     381.928        6.900      197.137     9822.531
     382.946        5.900      197.137     9822.531
     383.964        8.800      210.453     9844.797
     384.991        6.900      197.137     9822.531
     386.007        4.900      197.137     9822.531
     387.029       14.700      217.879     9852.797
     388.051        8.800      220.457     9855.797
     389.072        8.800      223.293     9858.797
     390.095        5.900      197.156     9822.531
     391.115       21.700      230.719     9864.797
     392.129        6.900      197.168     9822.531
     393.154       11.700      218.648     9851.797
     394.179        5.900      197.172     9822.531
     395.202        5.900      197.172     9822.531
     396.226       10.700      216.387     9850.797
     397.252        7.900      216.645     9851.797
     398.267        5.900      197.184     9822.531
     399.292        7.800      209.449     9843.797
     400.312       16.600      222.836     9857.797
     401.333       22.400      232.203     9865.797
     402.360        3.900      197.219     9822.531
     403.385       43.000      233.684     9866.797
     404.409       22.600      234.434     9866.797
     405.427       17.700      234.434     9866.797
     406.446       12.800      234.434     9866.797
     407.465        5.900      234.434     9866.797
     408.488        3.900      234.434     9866.797
     409.503        7.800      234.434     9866.797
     410.524        7.800      234.434     9866.797
     411.548        5.900      197.320     9822.531
     412.567       21.500      233.121     9865.797
     413.590       36.000      234.934     9866.797
     414.613        5.900      234.992     9866.797
     415.629        5.900      197.434     9822.531
     416.654        6.900      209.961     9843.797
     417.670        5.900      197.434     9822.531
     418.694        6.900      197.434     9822.531
     419.707       11.800      214.145     9847.797
     420.724        6.800      197.438     9822.531
     421.749       13.600      216.410     9849.797
     422.775       71.700      276.660     9909.797
     423.795        6.900      197.469     9822.531
     424.815        4.900      197.469     9822.531
     425.846        5.800      197.469     9822.531
     426.869        8.800      197.469     9822.531
     427.888        5.900      197.469     9822.531
     428.912        4.900      197.469     9822.531
     429.929       21.500      224.730     9857.797
     430.950        4.900      197.469     9822.531
     431.963        5.900      197.469     9822.531
     432.980        6.900      197.469     9822.531
     434.004        5.800      197.469     9822.531
     435.031        4.900      197.469     9822.531
     436.051        5.800      197.469     9822.531
     437.083        7.900      197.469     9822.531
     438.100        4.900      197.469     9822.531
     439.113        4.900      197.469     9822.531
     440.134        5.900      197.469     9822.531
     441.157        4.900      197.469     9822.531
     442.175        4.900      197.469     9822.531
     443.200        4.900      197.469     9822.531
     444.221        5.900      197.469     9822.531
     445.237        5.900      197.469     9822.531
     446.251        4.900      197.469     9822.531
     447.268        7.900      197.469     9822.531
     448.284        6.900      197.469     9822.531
     449.306        6.800      197.469     9822.531
     450.328        6.800      197.469     9822.531
     451.351        4.900      197.469     9822.531
     452.367        4.900      197.469     9822.531
     453.393        5.900      197.469     9822.531
     454.409        6.900      197.469     9822.531
     455.429        7.900      209.684     9843.797
     456.446        5.900      209.941     9843.797
     457.466       11.800      222.082     9855.797
     458.483       11.700      212.582     9845.797
     459.506        7.800      217.328     9850.797
     460.528       15.700      219.234     9851.797
     461.546        4.900      219.234     9852.797
     462.563        5.900      220.555     9854.797
     463.580        4.900      197.742     9822.531
     464.596       23.600      234.492     9866.797
     465.611        5.900      234.492     9866.797
     466.635       16.700      224.414     9857.797
     467.651       15.600      233.340     9865.797
     468.676        5.900      197.785     9822.531
     469.694        5.900      197.785     9822.531
     470.708        4.900      197.785     9822.531
     471.725       14.600      221.648     9854.797
     472.749       26.500      233.801     9865.797
     473.767        4.900      197.820     9822.531
     474.788        4.900      197.820     9822.531
     475.811        3.900      197.820     9822.531
     476.840        6.900      197.820     9822.531
     477.859        3.900      197.820     9822.531
     478.888        9.700      197.820     9822.531
     479.919        4.900      197.820     9822.531
     480.942        4.900      197.820     9822.531
     481.968       37.000      231.746     9864.797
     482.994        5.900      197.855     9822.531
     484.020        4.800      197.855     9822.531
     485.064        4.900      197.855     9822.531
     486.081        4.900      197.855     9822.531
     487.105        6.800      197.863     9822.531
     488.129        5.900      197.863     9822.531
     489.156        5.800      197.863     9822.531
     490.184        6.800      197.863     9822.531
     491.212        5.900      197.863     9822.531
     492.236        5.800      197.863     9822.531
     493.261        3.000      197.863     9822.531
     494.279        5.900      197.863     9822.531
     495.298        4.900      197.863     9822.531
     496.316       22.600      231.930     9864.797
     497.336        5.900      197.879     9822.531
     498.352        6.800      197.879     9822.531
     499.376        5.900      197.879     9822.531
     500.390        7.800      197.879     9822.531
     501.416        4.900      197.879     9822.531
     502.435        4.900      197.879     9822.531
     503.451        7.800      197.879     9822.531
     504.475        4.900      197.879     9822.531
     505.489        5.900      197.879     9822.531
     506.503        4.900      197.879     9822.531
     507.519        6.900      197.879     9822.531
     508.537        4.900      197.879     9822.531
     509.556        5.900      197.879     9822.531
     510.576        5.900      197.879     9822.531
     511.594        5.900      197.879     9822.531
     512.608        5.900      197.879     9822.531
     513.624        4.900      197.879     9822.531
     514.638        5.800      197.879     9822.531
     515.671        8.800      197.879     9822.531
     516.693        4.900      197.879     9822.531
     517.716        5.800      197.879     9822.531
     518.739        4.900      197.879     9822.531
     519.757        4.900      197.879     9822.531
     520.772        5.900      197.879     9822.531
     521.792        5.900      197.879     9822.531
     522.807        6.900      197.879     9822.531
     523.822        8.800      210.434     9844.797
     524.844        5.900      197.883     9822.531
     525.858        5.900      197.883     9822.531
     526.872        5.800      197.883     9822.531
     527.898        6.900      197.883     9822.531
     528.918        4.900      197.883     9822.531
     529.933        7.900      197.883     9822.531
     530.947        5.800      197.883     9822.531
     531.978       27.100      233.840     9865.797
     533.011        5.900      197.895     9822.531
     534.023        7.800      197.895     9822.531
     535.056        7.700      197.895     9822.531
     536.091        3.900      197.895     9822.531
     537.103        5.800      197.895     9822.531
     538.144        5.800      197.895     9822.531
     539.165        5.900      197.895     9822.531
     540.189       46.300      235.586     9866.797
     541.206        6.800      197.941     9822.531
     542.229        4.900      197.941     9822.531
     543.259        8.800      197.941     9822.531
     544.277        5.900      197.941     9822.531
     545.299        5.800      197.941     9822.531
     546.329        6.900      197.941     9822.531
     547.349       11.700      213.504     9846.797
     548.371       27.300      236.086     9867.797
     549.395        5.900      198.207     9822.531
     550.415        4.900      198.207     9822.531
     551.439        5.900      198.207     9822.531
     552.459       11.800      216.504     9849.797
     553.476        7.900      198.207     9822.531
     554.492        4.900      198.207     9822.531
     555.510        5.900      198.207     9822.531
     556.525        5.900      198.207     9822.531
     557.549        4.900      198.207     9822.531
     558.579        4.900      198.207     9822.531
     559.602        9.700      208.875     9841.797
     560.629        4.900      198.211     9822.531
     561.658        4.900      198.211     9822.531
     562.681        5.800      198.211     9822.531
     563.711        4.900      198.211     9822.531
     564.731        5.900      198.211     9822.531
     565.750        6.900      198.211     9822.531
     566.764        5.900      198.211     9822.531
     567.787        6.900      198.211     9822.531
     568.809        5.800      198.211     9822.531
     569.837        4.900      198.211     9822.531
     570.863        4.900      198.211     9822.531
     571.885        3.900      198.211     9822.531
     572.911        6.800      198.211     9822.531
     573.934        5.900      198.211     9822.531
     574.951        5.900      198.211     9822.531
     575.964        5.900      198.211     9822.531
     576.982        6.900      198.211     9822.531
     577.994        7.800      198.211     9822.531
     579.016        6.900      198.211     9822.531
     580.033        4.900      198.211     9822.531
     581.049       11.600      217.973     9850.797
     582.083        6.900      198.211     9822.531
     583.103        5.900      198.211     9822.531
     584.120       11.800      211.770     9844.797
     585.141        4.900      198.215     9822.531
     586.163        5.900      198.215     9822.531
     587.180        5.900      198.215     9822.531
     588.197        5.900      198.215     9822.531
     589.215        3.900      198.215     9822.531
     590.236        5.900      198.215     9822.531
     591.251        6.900      198.215     9822.531
     592.271        4.900      198.215     9822.531
     593.286        5.900      198.215     9822.531
     594.312        4.900      198.215     9822.531
     595.333        5.800      198.215     9822.531
     596.364       14.600      224.074     9856.797
     597.386        5.900      198.219     9822.531
     598.405        6.900      198.219     9822.531
     599.421        4.900      198.219     9822.531
     600.444        6.800      198.219     9822.531
     601.469        6.800      198.219     9822.531
     602.497        4.900      198.219     9822.531
     603.516        4.900      198.219     9822.531
     604.530       14.700      221.809     9854.797
     605.549        4.900      198.227     9822.531
     606.569        6.900      198.227     9822.531
     607.588        5.900      198.227     9822.531
     608.607        8.800      211.844     9844.797
     609.632        6.900      198.230     9822.531
     610.651        5.900      198.230     9822.531
     611.667        5.900      198.230     9822.531
     612.686       16.700      226.219     9858.797
     613.703       38.300      245.938     9877.797
     614.723        5.900      198.250     9822.531
     615.747        4.900      198.250     9822.531
     616.768        5.900      198.250     9822.531
     617.783        8.900      198.250     9822.531
     618.797        5.900      198.250     9822.531
     619.822        5.900      198.250     9822.531
     620.848        6.800      198.250     9822.531
     621.869        3.900      198.250     9822.531
     622.892        5.900      198.250     9822.531
     623.915        3.900      198.250     9822.531
     624.938        7.900      198.250     9822.531
     625.954        5.900      198.250     9822.531
     626.973        4.900      198.250     9822.531
     627.992        5.900      198.250     9822.531
     629.011        5.900      198.250     9822.531
     630.032        5.800      198.250     9822.531
     631.057        5.900      198.250     9822.531
     632.083        6.900      198.250     9822.531
     633.103       23.400      234.133     9865.797
     634.127        5.900      198.258     9822.531
     635.142        4.900      198.258     9822.531
     636.161        5.800      198.258     9822.531
     637.186        5.900      198.258     9822.531
     638.198        4.900      198.258     9822.531
     639.222        5.900      198.258     9822.531
     640.249        5.800      198.258     9822.531
     641.281        6.800      198.258     9822.531
     642.310        6.800      198.258     9822.531
     643.330        3.900      198.258     9822.531
     644.350        6.800      198.258     9822.531
     645.374        5.900      198.258     9822.531
     646.394        5.900      198.258     9822.531
     647.411        5.900      198.258     9822.531
     648.426        3.900      198.258     9822.531
     649.444        6.900      198.258     9822.531
     650.461        6.900      198.258     9822.531
     651.483        6.800      198.258     9822.531
     652.506        5.800      198.258     9822.531
     653.536        4.900      198.258     9822.531
     654.558        4.900      198.258     9822.531
     655.581        7.900      198.258     9822.531
     656.595        4.900      198.258     9822.531
     657.613        6.900      198.258     9822.531
     658.629        5.900      198.258     9822.531
     659.647        4.900      198.258     9822.531
     660.660        5.800      198.258     9822.531
     661.687        5.900      198.258     9822.531
     662.711        6.700      198.258     9822.531
     663.751        5.900      198.258     9822.531
     664.765        5.900      198.258     9822.531
     665.787        7.800      198.258     9822.531
     666.810        5.900      210.223     9842.797
     667.831        6.800      198.262     9822.531
     668.854        3.900      198.262     9822.531
     669.874        6.800      198.262     9822.531
     670.895        4.900      198.262     9822.531
     671.916        9.800      212.668     9845.797
     672.937        4.900      198.262     9822.531
     673.950        6.800      198.520     9822.531
     674.974        4.900      198.520     9822.531
     675.988        5.900      198.520     9822.531
     676.999        5.900      198.520     9822.531
     678.019       10.800      217.492     9849.797
     679.038       37.400      242.266     9873.797
     680.054        6.900      198.547     9822.531
     681.070       24.600      199.566     9822.531
     682.089        6.800      210.707     9842.797
     683.113        5.900      199.566     9822.531
     684.136        5.800      211.523     9842.797
     685.163        6.800      199.566     9822.531
     686.185        4.900      199.566     9822.531
     687.200        5.900      199.566     9822.531
     688.218        4.900      199.566     9822.531
     689.236        7.800      199.566     9822.531
     690.260        5.900      199.566     9822.531
     691.284        3.900      199.566     9822.531
     692.301        5.900      199.566     9822.531
     693.325        3.900      199.566     9822.531
     694.352        5.900      199.566     9822.531
     695.366        3.900      199.566     9822.531
     696.381       25.400      199.566     9822.531
     697.407        5.900      199.566     9822.531
     698.424        3.900      199.566     9822.531
     699.439        5.900      199.566     9822.531
     700.457        4.900      199.566     9822.531
     701.479        6.800      199.566     9822.531
     702.501        5.900      199.566     9822.531
     703.516        6.900      199.566     9822.531
     704.536        5.800      199.566     9822.531
     705.572        5.900      199.566     9822.531
     706.590        6.800      199.566     9822.531
     707.614        4.900      199.566     9822.531
     708.638        5.900      199.566     9822.531
     709.653        7.900      199.566     9822.531
     710.669       23.600      199.566     9822.531
     711.683        4.900      199.566     9822.531
     712.698        5.900      199.566     9822.531
     713.715        5.900      199.566     9822.531
     714.737        4.900      199.566     9822.531
     715.765        5.900      199.566     9822.531
     716.785        6.900      199.566     9822.531
     717.804        4.900      199.566     9822.531
     718.822        5.900      199.566     9822.531
     719.844        5.900      199.566     9822.531
     720.870        6.800      199.566     9822.531
     721.896        4.900      199.566     9822.531
     722.916        5.800      199.566     9822.531
     723.943       24.600      199.566     9822.531
     724.961        4.900      199.566     9822.531
     725.988        5.900      199.566     9822.531
     727.006        6.800      199.566     9822.531
     728.034        3.900      199.566     9822.531
     729.057        6.900      199.566     9822.531
     730.077        6.800      199.566     9822.531
     731.103        5.900      199.566     9822.531
     732.127        4.900      199.566     9822.531
     733.148        5.900      199.566     9822.531
     734.171        6.800      199.566     9822.531
     735.197        5.900      199.566     9822.531
     736.219        5.900      199.566     9822.531
     737.240        7.900      199.566     9822.531
     738.258       27.400      199.566     9822.531
     739.284        5.900      199.566     9822.531
     740.309        4.900      199.566     9822.531
     741.323        5.900      199.566     9822.531
     742.341        8.800      210.172     9841.797
     743.366       35.900      243.816     9873.797
     744.394       85.600      252.562     9881.797
     745.408        5.900      199.648     9822.531
     746.431        4.900      199.648     9822.531
     747.456        4.900      199.648     9822.531
     748.471        5.900      199.648     9822.531
     749.491        5.800      199.648     9822.531
     750.518        6.800      199.648     9822.531
     751.545        4.900      199.648     9822.531
     752.559       26.500      199.648     9822.531
     753.596        5.800      199.648     9822.531
     754.611        5.900      199.648     9822.531
     755.625        4.900      199.648     9822.531
     756.652        7.800      199.648     9822.531
     757.679        4.900      199.648     9822.531
     758.702        4.900      199.648     9822.531
     759.719        4.900      199.648     9822.531
     760.734        4.900      199.648     9822.531
     761.762        5.900      199.648     9822.531
     762.778        4.900      199.648     9822.531
     763.799        5.900      199.648     9822.531
     764.823        5.900      199.648     9822.531
     765.841        3.900      199.648     9822.531
     766.857       25.600      199.648     9822.531
     767.875        5.900      199.648     9822.531
     768.890        8.800      199.648     9822.531
     769.915        4.900      199.648     9822.531
     770.933        5.800      199.648     9822.531
     771.960        5.900      199.648     9822.531
     772.979        5.900      199.648     9822.531
     774.004        5.900      199.648     9822.531
     775.029        4.900      199.648     9822.531
     776.047        5.900      199.648     9822.531
     777.067        5.900      199.648     9822.531
     778.083        5.900      199.648     9822.531
     779.104        4.900      199.648     9822.531
     780.120       22.600      199.648     9822.531
     781.139        7.900      199.648     9822.531
     782.172        4.800      199.648     9822.531
     783.195        5.900      199.648     9822.531
     784.223        6.800      199.648     9822.531
     785.247        3.900      199.648     9822.531
     786.261        4.900      199.648     9822.531
     787.283        7.800      199.648     9822.531
     788.303        5.900      199.648     9822.531
     789.327        6.800      199.648     9822.531
     790.348        3.900      199.648     9822.531
     791.367        5.900      199.648     9822.531
     792.388        5.900      199.648     9822.531
     793.409        6.900      199.648     9822.531
     794.430        3.900      199.648     9822.531
     795.450       27.300      199.648     9822.531
     796.476        5.900      199.648     9822.531
     797.496        6.800      199.648     9822.531
     798.520        5.900      199.648     9822.531
     799.535        5.900      199.648     9822.531
     800.558        5.900      199.648     9822.531
     801.581        7.800      199.648     9822.531
     802.602        3.900      199.648     9822.531
     803.620        5.900      199.648     9822.531
     804.640        4.900      199.648     9822.531
     805.658        4.900      199.648     9822.531
     806.682        4.900      199.648     9822.531
     807.709        4.900      199.648     9822.531
     808.733       20.700      199.648     9822.531
     809.751        4.900      199.648     9822.531
     810.771        6.900      199.648     9822.531
     811.786        5.900      199.648     9822.531
     812.802        4.900      199.648     9822.531
     813.819        4.900      199.648     9822.531
     814.845        6.900      199.648     9822.531
     815.864        5.900      199.648     9822.531
     816.885        3.900      199.648     9822.531
     817.906        4.900      199.648     9822.531
     818.927        6.900      199.648     9822.531
     819.947        5.900      199.648     9822.531
     820.963       22.500      200.180     9822.531
     821.984        4.900      200.180     9822.531
     823.010        4.900      200.180     9822.531
     824.032        5.900      200.180     9822.531
     825.052        3.900      202.766     9822.531
     826.072        8.800      205.859     9822.531
     827.090        4.900      205.859     9822.531
     828.118        4.900      205.859     9822.531
     829.143        6.800      205.859     9822.531
     830.165        5.900      205.859     9822.531
     831.181        5.900      205.859     9822.531
     832.200        6.900      205.859     9822.531
     833.214       24.600      205.859     9822.531
     834.231        5.900      205.859     9822.531
     835.255        5.900      205.859     9822.531
     836.278        4.900      205.859     9822.531
     837.300        4.900      205.859     9822.531
     838.324        5.900      206.352     9822.531
     839.343        5.800      207.898     9822.531
     840.370        5.800      207.898     9822.531
     841.399        4.900      207.898     9822.531
     842.420        4.900      207.898     9822.531
     843.438        6.800      207.898     9822.531
     844.462        6.800      207.898     9822.531
     845.486        4.900      207.898     9822.531
     846.504        5.900      207.898     9822.531
     847.520       26.500      207.898     9822.531
     848.541        6.800      207.898     9822.531
     849.563        3.900      207.898     9822.531
     850.588        5.900      207.898     9822.531
     851.603        6.900      207.898     9822.531
     852.620        3.900      207.898     9822.531
     853.641        4.900      207.898     9822.531
     854.667        7.800      208.305     9822.531
     855.688        4.900      209.570     9822.531
     856.708        5.900      212.664     9822.531
     857.730       12.600      236.531     9852.797
     858.763        6.800      218.605     9822.531
     859.786        4.900      220.152     9822.531
     860.801        5.900      220.152     9822.531
     861.814        5.900      220.926     9822.531
     862.829        6.900      224.020     9822.531
     863.850        5.900      226.848     9822.531
     864.870        5.900      229.684     9822.531
     865.887        5.900      232.777     9822.531
     866.906        6.900      236.129     9822.531
     867.922        3.900      239.480     9822.531
     868.946        5.900      241.793     9822.531
     869.968        6.900      245.145     9822.531
     870.986        4.900      247.723     9822.531
     872.008       27.400      287.691     9866.797
     873.029        6.800      254.453     9822.531
     874.057        5.900      257.539     9822.531
     875.080        7.800      260.375     9822.531
     876.107        4.900      263.469     9822.531
     877.123        5.800      266.305     9822.531
     878.153        5.900      269.398     9822.531
     879.178        5.900      271.977     9822.531
     880.197        3.900      275.836     9822.531
     881.215        6.900      278.672     9822.531
     882.235        5.900      281.508     9822.531
     883.255        4.800      284.602     9822.531
     884.295        5.800      287.695     9822.531
     885.322        4.900      290.781     9822.531
     886.340        6.900      294.133     9822.531
     887.361        6.900      308.367     9841.797
     888.375        6.900      300.078     9822.531
     889.389        5.900      303.164     9822.531
     890.403        3.900      306.000     9822.531
     891.420        6.800      309.352     9822.531
     892.452        4.900      312.445     9822.531
     893.473        4.900      315.539     9822.531
     894.492       13.600      339.516     9851.797
     895.517        4.900      321.734     9822.531
     896.537        4.900      324.312     9822.531
     897.554        5.900      327.664     9822.531
     898.576        7.800      331.273     9822.531
     899.602        4.900      331.273     9822.531
     900.625        3.900      331.273     9822.531
     901.640        5.900      331.273     9822.531
     902.662        4.900      331.273     9822.531
     903.678        5.900      331.273     9822.531
     904.702        4.900      331.273     9822.531
     905.719        4.900      331.523     9822.531
     906.738        5.900      331.523     9822.531
     907.760        3.900      331.523     9822.531
     908.781        7.900      331.523     9822.531
     909.799        4.900      331.523     9822.531
     910.822        5.900      331.523     9822.531
     911.836        6.900      331.523     9822.531
     912.854        4.900      331.523     9822.531
     913.875        8.800      331.523     9822.531
     914.903        4.900      331.523     9822.531
     915.919        4.900      331.523     9822.531
     916.940        4.900      331.523     9822.531
     917.966        4.900      331.523     9822.531
     918.992        3.900      331.523     9822.531
     920.021        4.900      331.523     9822.531
     921.037        5.900      331.523     9822.531
     922.062        5.900      331.523     9822.531
     923.081        4.900      331.523     9822.531
     924.112        5.900      331.523     9822.531
     925.141        4.800      331.523     9822.531
     926.168        5.900      331.523     9822.531
     927.187        6.900      331.523     9822.531
     928.201        5.900      331.523     9822.531
     929.223        5.900      331.523     9822.531
     930.237        4.900      331.523     9822.531
     931.263        5.900      331.523     9822.531
     932.282        5.900      331.523     9822.531
     933.299        5.900      331.523     9822.531
     934.314        4.900      331.523     9822.531
     935.341        8.900      335.648     9822.531
     936.356        4.900      335.648     9822.531
     937.383        4.900      335.648     9822.531
     938.407        4.900      335.648     9822.531
     939.429        6.900      335.648     9822.531
     940.446        4.900      335.648     9822.531
     941.462        5.900      335.648     9822.531
     942.486        6.800      335.648     9822.531
     943.512        4.900      335.648     9822.531
     944.537        5.900      335.648     9822.531
     945.556        5.900      335.648     9822.531
     946.579        4.900      335.648     9822.531
     947.605        4.900      335.648     9822.531
     948.644        2.900      335.648     9822.531
     949.660        4.900      335.648     9822.531
     950.678        4.900      335.648     9822.531
     951.718        5.800      335.648     9822.531
     952.735        6.900      335.648     9822.531
     953.751        6.900      335.648     9822.531
     954.765        4.900      335.648     9822.531
     955.781        5.900      335.648     9822.531
     956.800        4.900      335.648     9822.531
     957.822        5.900      335.648     9822.531
     958.838        6.800      335.648     9822.531
     959.865        5.900      335.648     9822.531
     960.887        3.900      335.648     9822.531
     961.915        6.800      335.648     9822.531
     962.934        3.900      335.648     9822.531
     963.952        5.900      335.648     9822.531
     964.975        4.900      335.648     9822.531
     965.991        6.900      335.648     9822.531
     967.013        6.800      335.648     9822.531
     968.039        4.900      335.648     9822.531
     969.067        5.900      335.648     9822.531
     970.088        5.900      335.648     9822.531
     971.109        5.900      335.648     9822.531
     972.126        4.900      335.648     9822.531
     973.147        7.800      335.648     9822.531
     974.172        5.900      335.648     9822.531
     975.191        5.900      335.648     9822.531
     976.215        3.900      335.648     9822.531
     977.232        5.900      335.648     9822.531
     978.248        3.900      335.648     9822.531
     979.276        6.900      335.648     9822.531
     980.293        5.900      335.648     9822.531
     981.318        5.800      335.648     9822.531
     982.345        5.900      335.648     9822.531
     983.364        9.800      335.648     9822.531
     984.385        4.900      335.648     9822.531
     985.408        3.900      335.648     9822.531
     986.423        4.900      335.648     9822.531
     987.447        4.900      335.648     9822.531
     988.467        7.900      335.648     9822.531
     989.483        6.800      335.648     9822.531
     990.514        4.900      335.648     9822.531
     991.538        5.900      335.648     9822.531
     992.560        4.900      335.648     9822.531
     993.583        6.900      335.648     9822.531
     994.602        4.900      335.648     9822.531
     995.622        5.900      335.648     9822.531
     996.635        4.900      335.648     9822.531
     997.654        5.900      335.648     9822.531
     998.668        4.900      335.648     9822.531
     999.691        5.900      335.648     9822.531
    1000.704        5.900      335.648     9822.531
    1001.722        8.800      335.648     9822.531
    1002.743        5.900      335.648     9822.531
    1003.766        5.900      335.648     9822.531
    1004.784        6.800      335.648     9822.531
    1005.808        4.900      335.648     9822.531
    1006.827        4.900      335.648     9822.531
    1007.841        5.900      335.648     9822.531
    1008.859        5.900      335.648     9822.531
    1009.878        9.800      337.711     9822.531
    1010.898        5.900      337.711     9822.531
    1011.918        4.900      337.711     9822.531
    1012.938        4.900      337.711     9822.531
    1013.958        4.900      337.711     9822.531
    1014.985        4.900      337.711     9822.531
    1015.999        5.800      337.711     9822.531
    1017.025        5.900      337.711     9822.531
    1018.050        3.900      337.711     9822.531
    1019.070        6.900      337.711     9822.531
    1020.087        5.900      337.711     9822.531
    1021.101        3.900      337.711     9822.531
    1022.123        5.900      337.711     9822.531
    1023.147        6.800      337.711     9822.531
    1024.169        5.900      337.711     9822.531
    1025.187        3.900      337.711     9822.531
    1026.206        5.800      337.711     9822.531
    1027.231        5.900      337.711     9822.531
    1028.247        3.900      337.711     9822.531
    1029.266        6.900      337.711     9822.531
    1030.288        5.900      337.711     9822.531
    1031.304        3.900      337.711     9822.531
    1032.328        7.800      337.711     9822.531
    1033.351        5.900      337.711     9822.531
    1034.371        4.900      337.711     9822.531
    1035.395        4.900      337.711     9822.531
    1036.416        6.900      337.711     9822.531
    1037.429        8.900      337.711     9822.531
    1038.443        4.900      337.711     9822.531
    1039.462        6.800      337.711     9822.531
    1040.486        5.800      337.711     9822.531
    1041.513        4.900      337.711     9822.531
    1042.525        5.900      337.711     9822.531
    1043.547        4.900      337.711     9822.531
    1044.565        4.900      337.711     9822.531
    1045.583        5.900      337.711     9822.531
    1046.599        7.800      337.969     9822.531
    1047.624        4.900      337.969     9822.531
    1048.641        6.800      337.969     9822.531
    1049.663        4.900      337.969     9822.531
    1050.680        4.900      337.969     9822.531
    1051.702        5.900      337.969     9822.531
    1052.719        5.900      337.969     9822.531
    1053.739        6.900      337.969     9822.531
    1054.755        5.900      337.969     9822.531
    1055.772        4.900      337.969     9822.531
    1056.792        7.800      337.969     9822.531
    1057.811        5.900      337.969     9822.531
    1058.827        4.900      337.969     9822.531
    1059.853        5.900      337.969     9822.531
    1060.875        6.800      337.969     9822.531
    1061.902        6.800      337.969     9822.531
    1062.930        3.900      337.969     9822.531
    1063.952        5.900      337.969     9822.531
    1064.976        5.800      337.969     9822.531
    1066.002        4.900      337.969     9822.531
    1067.020        6.800      337.969     9822.531
    1068.047        4.900      337.969     9822.531
    1069.071        4.900      337.969     9822.531
    1070.086        5.900      337.969     9822.531
    1071.109        5.900      337.969     9822.531
    1072.132        4.900      337.969     9822.531
    1073.158        6.900      337.969     9822.531
    1074.176        6.900      337.969     9822.531
    1075.195        4.900      337.969     9822.531
    1076.217        5.900      337.969     9822.531
    1077.236        6.800      337.969     9822.531
    1078.263        3.900      337.969     9822.531
    1079.287        5.900      337.969     9822.531
    1080.308        4.900      337.969     9822.531
    1081.329        4.900      337.969     9822.531
    1082.347        5.900      337.969     9822.531
    1083.369        5.900      337.969     9822.531
    1084.390        9.800      339.770     9822.531
    1085.414        4.900      339.770     9822.531
    1086.430        6.900      339.770     9822.531
    1087.449        5.800      339.770     9822.531
    1088.485        4.900      339.770     9822.531
    1089.510        5.800      339.770     9822.531
    1090.536        6.900      339.770     9822.531
    1091.552        4.900      339.770     9822.531
    1092.572        4.900      339.770     9822.531
    1093.589        4.900      339.770     9822.531
    1094.616        5.900      339.770     9822.531
    1095.637        4.900      339.770     9822.531
    1096.664        4.900      339.770     9822.531
    1097.682        4.900      339.770     9822.531
    1098.706        4.900      339.770     9822.531
    1099.735        5.900      339.770     9822.531
    1100.754        6.900      339.770     9822.531
    1101.778        2.900      339.770     9822.531
    1102.797        5.800      339.770     9822.531
    1103.824        4.900      339.770     9822.531
    1104.847        4.900      339.770     9822.531
    1105.869        5.900      339.770     9822.531
    1106.890        5.900      339.770     9822.531
    1107.911        6.900      339.770     9822.531
    1108.922        5.900      339.770     9822.531
    1109.940        8.800      353.418     9844.797
    1110.962        5.900      339.773     9822.531
    1111.983        5.900      339.773     9822.531
    1113.008        4.900      339.773     9822.531
    1114.030        5.900      339.773     9822.531
    1115.044        5.800      339.773     9822.531
    1116.074        4.900      339.773     9822.531
    1117.093       47.200      384.875     9874.797
    1118.110        6.900      339.797     9822.531
    1119.124        5.900      339.797     9822.531
    1120.143        8.800      339.797     9822.531
    1121.165        3.900      339.797     9822.531
    1122.187        4.900      339.797     9822.531
    1123.207        6.900      339.797     9822.531
    1124.223        5.900      339.797     9822.531
    1125.236        3.900      339.797     9822.531
    1126.249        5.900      339.797     9822.531
    1127.274        9.800      339.797     9822.531
    1128.297        3.900      339.797     9822.531
    1129.323        5.900      339.797     9822.531
    1130.347        5.900      339.797     9822.531
    1131.363        5.900      339.797     9822.531
    1132.384        3.900      339.797     9822.531
    1133.413        5.900      339.797     9822.531
    1134.430        4.900      339.797     9822.531
    1135.446        5.900      339.797     9822.531
    1136.464        5.900      339.797     9822.531
    1137.492        4.900      339.797     9822.531
    1138.510        5.900      339.797     9822.531
    1139.532        3.900      339.797     9822.531
    1140.547        5.900      339.797     9822.531
    1141.577        5.800      339.797     9822.531
    1142.597        7.900      339.797     9822.531
    1143.616        4.900      339.797     9822.531
    1144.642        5.800      339.797     9822.531
    1145.672        3.900      339.797     9822.531
    1146.702        5.900      339.797     9822.531
    1147.724        3.900      339.797     9822.531
    1148.745        5.900      339.797     9822.531
    1149.767        5.900      339.797     9822.531
    1150.779        6.900      339.797     9822.531
    1151.795        6.800      339.797     9822.531
    1152.818        4.900      339.797     9822.531
    1153.835        5.900      339.797     9822.531
    1154.849        5.900      339.797     9822.531
    1155.865       23.500      375.484     9865.797
    1156.888       10.800      341.348     9822.531
    1157.903        5.900      341.348     9822.531
    1158.915        5.900      341.348     9822.531
    1159.940        6.800      341.348     9822.531
    1160.967        4.900      341.348     9822.531
    1161.994        5.900      341.348     9822.531
    1163.018       36.300      385.953     9873.797
    1164.037        6.800      341.371     9822.531
    1165.066       23.600      377.699     9865.797
    1166.080        5.900      341.383     9822.531
    1167.100        5.900      341.383     9822.531
    1168.118        4.900      341.383     9822.531
    1169.144        6.800      341.383     9822.531
    1170.166        4.900      341.383     9822.531
    1171.188        4.900      341.383     9822.531
    1172.201        5.900      341.383     9822.531
    1173.217        6.800      341.383     9822.531
    1174.242        4.900      341.383     9822.531
    1175.259        8.800      353.227     9842.797
    1176.276        6.800      341.383     9822.531
    1177.304        4.900      341.383     9822.531
    1178.326        5.900      341.383     9822.531
    1179.339        5.900      341.383     9822.531
    1180.366        5.900      341.383     9822.531
    1181.381        4.900      341.383     9822.531
    1182.400        5.900      341.383     9822.531
    1183.415        5.900      341.383     9822.531
    1184.435        5.900      341.383     9822.531
    1185.453        5.900      341.383     9822.531
    1186.466        3.900      341.383     9822.531
    1187.489        6.800      341.383     9822.531
    1188.511        7.800      341.383     9822.531
    1189.534        4.900      341.383     9822.531
    1190.552        5.800      341.383     9822.531
    1191.581        4.900      341.383     9822.531
    1192.603       10.800      341.383     9822.531
    1193.622        4.900      341.383     9822.531
    1194.644        4.900      341.383     9822.531
    1195.668        4.900      341.383     9822.531
    1196.683        6.900      341.383     9822.531
    1197.704        6.900      341.383     9822.531
    1198.722        5.800      341.383     9822.531
    1199.747        6.800      341.383     9822.531
    1200.772        7.800      341.383     9822.531
    1201.794        4.900      341.383     9822.531
    1202.816        6.900      341.383     9822.531
    1203.837        4.900      341.383     9822.531
    1204.852        4.900      341.383     9822.531
    1205.874        3.900      341.383     9822.531
    1206.891        4.900      341.383     9822.531
    1207.907        4.900      341.383     9822.531
    1208.923        4.900      341.383     9822.531
    1209.943        4.900      341.383     9822.531
    1210.972        5.800      341.383     9822.531
    1211.993        6.900      341.383     9822.531
    1213.007        3.900      341.383     9822.531
    1214.022        5.900      341.383     9822.531
    1215.044        3.900      341.383     9822.531
    1216.070        6.800      341.383     9822.531
    1217.097        4.900      341.383     9822.531
    1218.114        5.900      341.383     9822.531
    1219.137        4.900      341.383     9822.531
    1220.155        7.800      341.383     9822.531
    1221.179        4.900      341.383     9822.531
    1222.196        6.800      341.383     9822.531
    1223.220        6.800      341.383     9822.531
    1224.242        5.900      341.383     9822.531
    1225.266        3.900      341.383     9822.531
    1226.282        6.900      341.383     9822.531
    1227.296        4.900      341.383     9822.531
    1228.314       10.900      342.414     9822.531
    1229.327        3.900      342.414     9822.531
    1230.345        7.800      342.414     9822.531
    1231.364        3.900      342.414     9822.531
    1232.387        6.900      342.414     9822.531
    1233.407        6.900      342.414     9822.531
    1234.424        4.900      342.414     9822.531
    1235.438        5.900      342.414     9822.531
    1236.459        5.900      342.414     9822.531
    1237.478        4.900      342.414     9822.531
    1238.507        4.900      342.414     9822.531
    1239.522        6.800      342.414     9822.531
    1240.547        3.900      342.414     9822.531
    1241.566        6.800      342.414     9822.531
    1242.593        5.900      342.414     9822.531
    1243.614        5.900      342.414     9822.531
    1244.634        5.900      342.414     9822.531
    1245.655        5.900      342.414     9822.531
    1246.683        9.800      359.566     9847.797
    1247.697        5.900      342.418     9822.531
    1248.720        4.900      342.418     9822.531
    1249.734        4.900      342.418     9822.531
    1250.760        7.800      342.418     9822.531
    1251.780        5.900      342.418     9822.531
    1252.797        4.900      342.418     9822.531
    1253.820        5.900      342.418     9822.531
    1254.835        4.900      342.418     9822.531
    1255.860        5.900      342.418     9822.531
    1256.877        4.900      342.418     9822.531
    1257.896        4.900      342.418     9822.531
    1258.915        6.900      342.418     9822.531
    1259.930        4.900      342.418     9822.531
    1260.952        6.900      342.418     9822.531
    1261.968        4.900      342.418     9822.531
    1262.994        4.900      342.418     9822.531
    1264.010       11.800      342.418     9822.531
    1265.026        4.900      342.418     9822.531
    1266.044        4.900      342.418     9822.531
    1267.060        4.900      342.418     9822.531
    1268.078        4.900      342.418     9822.531
    1269.102        5.900      342.418     9822.531
    1270.125        4.900      342.418     9822.531
    1271.138        4.900      342.418     9822.531
    1272.159        6.900      342.418     9822.531
    1273.180        6.900      342.418     9822.531
    1274.197        4.900      342.418     9822.531
    1275.210        5.800      342.418     9822.531
    1276.238        4.900      342.418     9822.531
    1277.255        5.800      342.418     9822.531
    1278.290        5.900      342.418     9822.531
    1279.313        6.800      342.418     9822.531
    1280.335        3.900      342.418     9822.531
    1281.356        5.900      342.418     9822.531
    1282.380        6.800      342.418     9822.531
    1283.399        4.900      342.418     9822.531
    1284.426        4.900      342.418     9822.531
    1285.442        5.900      342.418     9822.531
    1286.466        3.900      342.418     9822.531
    1287.485        5.900      342.418     9822.531
    1288.509        6.800      342.418     9822.531
    1289.536        5.900      342.418     9822.531
    1290.557        4.900      342.418     9822.531
    1291.581        5.900      342.418     9822.531
    1292.598        5.900      342.418     9822.531
    1293.623        3.900      342.418     9822.531
    1294.646       11.800      342.418     9822.531
    1295.666        4.900      342.418     9822.531
    1296.688        5.900      342.418     9822.531
    1297.706        5.900      342.418     9822.531
    1298.722        4.900      342.418     9822.531
    1299.750        6.800      342.418     9822.531
    1300.771        8.800      342.418     9822.531
    1301.788        6.800      342.418     9822.531
    1302.813        5.800      342.418     9822.531
    1303.837        4.900      342.418     9822.531
    1304.854        4.900      342.418     9822.531
    1305.873        4.900      342.418     9822.531
    1306.896        5.800      342.418     9822.531
    1307.921        4.900      342.418     9822.531
    1308.954        6.800      342.418     9822.531
    1309.976        3.900      342.418     9822.531
    1310.996        5.900      342.418     9822.531
    1312.020        5.900      342.418     9822.531
    1313.036        6.800      342.418     9822.531
    1314.070        5.900      342.418     9822.531
    1315.093        4.900      342.418     9822.531
    1316.108        6.900      342.418     9822.531
    1317.129        4.900      342.418     9822.531
    1318.146        6.800      342.418     9822.531
    1319.169        4.900      342.418     9822.531
    1320.185        5.900      342.418     9822.531
    1321.205        4.900      342.418     9822.531
    1322.218        6.800      342.418     9822.531
    1323.242        5.900      342.418     9822.531
    1324.261        4.800      342.418     9822.531
    1325.294        6.800      342.418     9822.531
    1326.319        6.900      342.418     9822.531
    1327.333        5.900      342.418     9822.531
    1328.350        4.900      342.418     9822.531
    1329.364        4.900      342.418     9822.531
    1330.377        6.800      342.418     9822.531
    1331.403        5.900      342.418     9822.531
    1332.421        2.900      342.418     9822.531
    1333.446        7.800      342.418     9822.531
    1334.468        4.900      342.418     9822.531
    1335.479       10.800      342.418     9822.531
    1336.498        4.900      342.418     9822.531
    1337.515        6.900      342.418     9822.531
    1338.535        4.900      342.418     9822.531
    1339.558        5.900      342.418     9822.531
    1340.577        5.900      342.418     9822.531
    1341.590        5.900      342.418     9822.531
    1342.606        6.900      342.418     9822.531
    1343.624        7.800      342.418     9822.531
    1344.648        5.900      342.418     9822.531
    1345.669        6.900      342.418     9822.531
    1346.691        4.900      342.418     9822.531
    1347.722        5.800      342.418     9822.531
    1348.739        6.900      342.418     9822.531
    1349.758        5.900      342.418     9822.531
    1350.779        5.900      342.418     9822.531
    1351.803        4.900      342.418     9822.531
    1352.820        5.800      342.418     9822.531
    1353.847        4.900      342.418     9822.531
    1354.872        5.900      342.418     9822.531
    1355.895        4.900      342.418     9822.531
    1356.906        5.800      342.418     9822.531
    1357.935        5.900      342.418     9822.531
    1358.960        5.900      342.418     9822.531
    1359.982        4.900      342.418     9822.531
    1361.001        6.900      342.418     9822.531
    1362.019        5.800      342.418     9822.531
    1363.045        5.900      342.418     9822.531
    1364.065        5.800      342.418     9822.531
    1365.090        4.900      342.418     9822.531
    1366.114        5.900      342.418     9822.531
    1367.135        5.800      342.418     9822.531
    1368.164        4.900      342.418     9822.531
    1369.183        7.800      356.031     9844.797
    1370.209       21.300      376.070     9864.797
    1371.238        9.800      342.438     9822.531
    1372.258        4.900      342.438     9822.531
    1373.282        4.900      342.438     9822.531
    1374.307        4.900      342.438     9822.531
    1375.320        3.900      342.438     9822.531
    1376.340        6.900      342.438     9822.531
    1377.358        5.900      342.438     9822.531
    1378.383        5.900      342.438     9822.531
    1379.402        5.900      342.438     9822.531
    1380.422        4.900      342.438     9822.531
    1381.443        5.900      342.438     9822.531
    1382.460        4.900      342.438     9822.531
    1383.484        5.900      342.438     9822.531
    1384.500        5.900      342.438     9822.531
    1385.520        5.800      342.438     9822.531
    1386.548        5.900      342.438     9822.531
    1387.562        5.900      342.438     9822.531
    1388.581        5.900      342.438     9822.531
    1389.601        5.900      342.438     9822.531
    1390.617        6.900      342.438     9822.531
    1391.631        3.900      342.438     9822.531
    1392.649        6.900      342.438     9822.531
    1393.671        4.900      342.438     9822.531
    1394.693        4.900      342.438     9822.531
    1395.715        4.900      342.438     9822.531
    1396.731        6.800      342.438     9822.531
    1397.755        5.900      342.438     9822.531
    1398.767        4.900      342.438     9822.531
    1399.782        6.800      342.438     9822.531
    1400.806        3.900      342.438     9822.531
    1401.836        5.900      342.438     9822.531
    1402.849        5.900      342.438     9822.531
    1403.874        3.900      342.438     9822.531
    1404.892        6.900      342.438     9822.531
    1405.913        5.900      342.438     9822.531
    1406.933        9.800      342.438     9822.531
    1407.949        4.900      342.438     9822.531
    1408.979        4.900      342.438     9822.531
    1410.001        4.900      342.438     9822.531
    1411.020        5.800      342.438     9822.531
    1412.044        5.900      342.438     9822.531
    1413.066        6.900      342.438     9822.531
    1414.086        3.900      342.438     9822.531
    1415.105        5.800      342.438     9822.531
    1416.134        5.900      342.438     9822.531
    1417.154        5.900      342.438     9822.531
    1418.177        3.900      342.438     9822.531
    1419.195        6.900      342.438     9822.531
    1420.217        5.900      342.438     9822.531
    1421.237        8.800      342.438     9822.531
    1422.260        6.800      342.438     9822.531
    1423.287        6.900      342.438     9822.531
    1424.309        3.900      342.438     9822.531
    1425.330        4.900      342.438     9822.531
    1426.351        5.900      342.438     9822.531
    1427.369        3.900      342.438     9822.531
    1428.388        4.900      342.438     9822.531
    1429.416        4.900      342.438     9822.531
    1430.436        5.900      342.438     9822.531
    1431.461        4.900      342.438     9822.531
    1432.480        6.800      342.438     9822.531
    1433.503        5.900      342.438     9822.531
    1434.521        3.900      342.438     9822.531
    1435.537        6.800      342.438     9822.531
    1436.561        4.900      342.438     9822.531
    1437.588        4.900      342.438     9822.531
    1438.611        6.800      342.438     9822.531
    1439.634        5.900      342.438     9822.531
    1440.656        5.900      342.438     9822.531
    1441.674        5.900      342.438     9822.531
    1442.698        9.800      342.449     9822.531
    1443.721        5.900      342.449     9822.531
    1444.739        4.900      342.449     9822.531
    1445.759        5.900      342.449     9822.531
    1446.774        4.900      342.449     9822.531
    1447.790        6.800      342.449     9822.531
    1448.815        3.900      342.449     9822.531
    1449.831        4.900      342.449     9822.531
    1450.848        3.900      342.449     9822.531
    1451.869        4.900      342.449     9822.531
    1452.884        5.900      342.449     9822.531
    1453.905        5.900      342.449     9822.531
    1454.926        4.900      342.449     9822.531
    1455.949        5.800      342.449     9822.531
    1456.978        6.900      342.449     9822.531
    1457.992        5.900      342.449     9822.531
    1459.012        5.900      342.449     9822.531
    1460.034        4.900      342.449     9822.531
    1461.057        7.800      342.449     9822.531
    1462.077        5.900      342.449     9822.531
    1463.102        4.900      342.449     9822.531
    1464.120        4.900      342.449     9822.531
    1465.141        6.900      342.449     9822.531
    1466.158        5.900      342.449     9822.531
    1467.178        6.900      342.449     9822.531
    1468.197        5.900      342.449     9822.531
    1469.217        6.900      342.449     9822.531
    1470.237        4.900      342.449     9822.531
    1471.248        5.900      342.449     9822.531
    1472.262        5.900      342.449     9822.531
    1473.281        3.900      342.449     9822.531
    1474.302        3.900      342.449     9822.531
    1475.322        7.800      342.449     9822.531
    1476.343        6.900      342.449     9822.531
    1477.362        5.900      342.449     9822.531
    1478.380        5.900      342.449     9822.531
    1479.404        4.900      342.449     9822.531
    1480.427       10.800      342.449     9822.531
    1481.448        5.900      342.449     9822.531
    1482.467        4.900      342.449     9822.531
    1483.491        6.800      342.449     9822.531
    1484.512        3.900      342.449     9822.531
    1485.538        4.900      342.449     9822.531
    1486.561        7.900      342.449     9822.531
    1487.581        4.900      342.449     9822.531
    1488.602        4.900      342.449     9822.531
    1489.619        4.900      342.449     9822.531
    1490.641        5.900      342.449     9822.531
    1491.661        3.900      342.449     9822.531
    1492.678        4.900      342.449     9822.531
    1493.702        5.800      342.449     9822.531
    1494.726        4.900      342.449     9822.531
    1495.744        6.800      342.449     9822.531
    1496.769        6.900      342.449     9822.531
    1497.787        5.900      342.449     9822.531
    1498.804        5.800      342.449     9822.531
    1499.833        4.900      342.449     9822.531
