# Elapsed time   CPU (%)     Real (MB)   Virtual (MB)
       0.000        0.000       18.879     7988.020
       1.023      231.200      111.363     9004.656
       2.047      239.300      138.594     9524.719
       3.068      212.300      162.820     9598.719
       4.094      249.000      215.660     9603.719
       5.118      221.200      251.070     9603.719
       6.140      197.400      294.703     9611.719
       7.158      239.500      181.250     9871.742
       8.185      196.700      202.891     9877.797
       9.208       78.100      203.074     9873.797
      10.231       58.600      205.441     9873.797
      11.256       51.500      208.883     9873.797
      12.284       47.900      212.203     9873.797
      13.312       57.500      215.828     9873.797
      14.335       87.400      248.074     9902.797
      15.354       59.300      223.262     9873.797
      16.382       78.300      232.578     9873.797
      17.405       44.200      232.812     9873.797
      18.421       34.400      233.461     9873.797
      19.441       41.000      235.461     9873.797
      20.462       43.700      235.539     9873.797
      21.494       54.200      235.930     9873.797
      22.526       41.300      236.125     9873.797
      23.546       38.100      237.164     9873.797
      24.564       23.400      237.203     9873.797
      25.592       30.300      237.336     9873.797
      26.614       47.600      237.367     9873.797
      27.643       43.300      237.391     9873.797
      28.661       27.400      237.395     9873.797
      29.681       29.300      237.395     9873.797
      30.709       37.000      237.395     9873.797
      31.733       39.200      237.395     9873.797
      32.752       26.300      237.395     9873.797
      33.779       60.100      235.664     9871.797
      34.793       20.600      235.734     9871.797
      35.811       38.000      235.734     9871.797
      36.854       57.000      235.801     9871.797
      37.870       34.100      234.883     9870.797
      38.898       52.400      235.262     9871.797
      39.928       33.300      233.973     9869.797
      40.952       26.400      233.973     9869.797
      41.971       53.700      233.070     9868.797
      42.995       36.200      233.871     9869.797
      44.016       35.400      238.512     9874.797
      45.039       30.300      239.027     9874.797
      46.057        9.800      239.027     9874.797
      47.071       48.300      239.160     9874.797
      48.087       16.700      239.160     9874.797
      49.104        8.800      239.160     9874.797
      50.124       34.100      238.191     9873.797
      51.151       13.700      238.191     9873.797
      52.172       39.300      238.281     9873.797
      53.192       19.700      237.398     9872.797
      54.209       11.700      237.441     9872.797
      55.230        8.800      237.441     9872.797
      56.250       40.000      228.512     9865.797
      57.277       36.400      235.430     9871.797
      58.293       31.400      235.676     9871.797
      59.311       35.400      236.883     9873.797
      60.330       19.500      236.883     9873.797
      61.355       10.800      191.914     9821.531
      62.370       10.800      206.789     9844.797
      63.388       14.700      209.684     9847.797
      64.408        8.800      212.961     9850.797
      65.428       32.000      226.609     9863.797
      66.457        9.800      226.898     9863.797
      67.480        9.800      191.934     9821.531
      68.504       14.600      204.426     9842.797
      69.531       23.300      225.430     9864.797
      70.558        6.900      225.430     9864.797
      71.576        7.900      225.430     9864.797
      72.594        7.800      225.430     9864.797
      73.613        7.900      225.430     9864.797
      74.631        8.800      226.238     9864.797
      75.649        9.800      226.238     9864.797
      76.671       12.700      226.754     9864.797
      77.694       19.600      229.316     9866.797
      78.716       32.400      233.699     9869.797
      79.729       16.700      233.859     9869.797
      80.750       11.700      233.859     9869.797
      81.774       21.500      233.859     9869.797
      82.797        8.800      192.055     9821.531
      83.822       12.600      207.445     9845.797
      84.846       50.200      236.316     9872.797
      85.862        8.800      236.316     9872.797
      86.884        9.800      236.316     9872.797
      87.905       19.700      212.996     9850.797
      88.922        9.800      220.730     9859.797
      89.946       98.000      268.992     9904.797
      90.962        9.800      192.105     9821.531
      91.978        6.900      192.105     9821.531
      92.994       24.500      225.793     9863.797
      94.015       23.400      226.594     9864.797
      95.040       12.700      227.727     9864.797
      96.062        7.900      227.727     9864.797
      97.080       38.200      236.750     9872.797
      98.102       27.600      236.762     9872.797
      99.119        8.800      192.199     9821.531
     100.147       26.500      226.652     9864.797
     101.162       18.700      227.535     9864.797
     102.176        8.800      227.535     9864.797
     103.196        6.900      192.230     9821.531
     104.213       22.500      223.242     9860.797
     105.234       12.600      229.762     9866.797
     106.262        8.800      192.508     9821.531
     107.283        6.900      192.508     9821.531
     108.302        7.900      203.559     9840.797
     109.319        8.800      192.508     9821.531
     110.342        7.800      192.508     9821.531
     111.364        7.800      192.508     9821.531
     112.384       19.600      217.691     9855.797
     113.403       21.500      222.035     9859.797
     114.425       17.600      233.012     9869.797
     115.449        8.800      192.543     9821.531
     116.468       35.200      233.316     9869.797
     117.490       11.700      233.316     9869.797
     118.512        8.800      233.316     9869.797
     119.535        7.900      233.316     9869.797
     120.551        7.900      192.578     9821.531
     121.565        7.800      192.578     9821.531
     122.586        7.800      192.578     9821.531
     123.607        7.800      192.578     9821.531
     124.638        8.800      192.578     9821.531
     125.666        6.900      192.578     9821.531
     126.679       46.100      236.801     9872.797
     127.699        8.800      192.609     9821.531
     128.727       10.700      204.805     9842.797
     129.747        8.800      192.609     9821.531
     130.766       11.800      211.551     9848.797
     131.781        8.800      213.867     9851.797
     132.800       11.700      218.293     9857.797
     133.821       15.000      224.793     9861.797
     134.885       38.200      235.297     9870.797
     135.907       33.300      235.297     9870.797
     136.927        8.800      192.965     9821.531
     137.948       38.200      229.727     9865.797
     138.985        8.600      229.727     9865.797
     140.011        8.800      204.230     9841.797
     141.032       14.700      216.238     9852.797
     142.060        8.800      193.266     9821.531
     143.082       17.500      215.211     9851.797
     144.107        7.800      193.277     9821.531
     145.133        6.800      193.277     9821.531
     146.154        7.900      193.277     9821.531
     147.171        8.800      193.793     9821.531
     148.189        6.800      193.793     9821.531
     149.214        9.900      207.152     9843.797
     150.231        6.800      193.793     9821.531
     151.255        6.900      193.793     9821.531
     152.272       18.700      220.109     9855.797
     153.287       11.700      194.059     9821.531
     154.312        9.800      205.863     9841.797
     155.328       18.700      218.387     9856.797
     156.346       27.500      230.699     9865.797
     157.364        6.800      194.105     9821.531
     158.391       21.600      220.812     9857.797
     159.411       17.700      228.930     9864.797
     160.427        9.700      228.930     9864.797
     161.454       30.600      233.102     9867.797
     162.474        7.800      194.426     9821.531
     163.494        6.900      194.426     9821.531
     164.514        7.900      194.426     9821.531
     165.542        9.800      194.449     9821.531
     166.559       20.700      229.770     9864.797
     167.575        6.800      194.453     9821.531
     168.599        6.900      194.453     9821.531
     169.616        7.900      194.453     9821.531
     170.632        7.800      194.453     9821.531
     171.658        8.800      205.656     9840.797
     172.675        7.800      194.711     9821.531
     173.697        7.900      194.711     9821.531
     174.714        6.800      194.711     9821.531
     175.744        4.900      194.711     9821.531
     176.764       12.700      212.941     9848.797
     177.786       28.600      231.496     9865.797
     178.801        9.800      195.250     9821.531
     179.821        5.900      195.250     9821.531
     180.843        6.900      195.250     9821.531
     181.863        6.900      195.250     9821.531
     182.882        6.800      195.250     9821.531
     183.907        6.800      195.250     9821.531
     184.932       11.800      208.332     9842.797
     185.948        6.800      195.770     9821.531
     186.969        7.800      195.770     9821.531
     187.992        6.900      195.770     9821.531
     189.010        9.800      207.695     9841.797
     190.032        6.900      195.770     9821.531
     191.052        6.900      195.781     9821.531
     192.068        8.900      208.535     9842.797
     193.086        7.800      195.781     9821.531
     194.107        6.900      195.781     9821.531
     195.123        4.900      195.781     9821.531
     196.148        7.800      195.781     9821.531
     197.173        9.800      196.297     9821.531
     198.193        7.800      196.297     9821.531
     199.213        6.800      196.297     9821.531
     200.236       13.700      217.340     9850.797
     201.258        6.800      196.309     9821.531
     202.282        9.800      208.738     9842.797
     203.305       35.400      232.188     9864.797
     204.323        8.800      232.188     9864.797
     205.343        6.900      196.602     9821.531
     206.364        7.800      196.602     9821.531
     207.390        4.900      196.602     9821.531
     208.410        8.900      207.547     9840.797
     209.424        9.800      196.859     9821.531
     210.448        5.900      196.859     9821.531
     211.471        7.800      196.859     9821.531
     212.491       11.800      209.305     9842.797
     213.510       10.700      212.750     9845.797
     214.533        8.800      214.297     9847.797
     215.561        5.900      196.859     9821.531
     216.576       11.700      207.914     9841.797
     217.602        4.900      196.859     9821.531
     218.619        6.900      196.859     9821.531
     219.637        6.900      196.859     9821.531
     220.656        5.900      196.859     9821.531
     221.679       10.800      209.117     9842.797
     222.697        7.900      196.859     9821.531
     223.715       13.700      219.582     9852.797
     224.731        7.900      196.863     9821.531
     225.749        9.700      196.863     9821.531
     226.773        7.900      196.863     9821.531
     227.788        6.800      196.863     9821.531
     228.812        9.800      213.094     9845.797
     229.833        6.900      213.094     9845.797
     230.851        7.800      213.094     9845.797
     231.872        6.900      213.383     9846.797
     232.889        9.800      196.863     9821.531
     233.913       11.800      212.082     9845.797
     234.929       11.700      217.539     9852.797
     235.952       11.700      222.953     9858.797
     236.975       12.700      229.266     9864.797
     237.996       12.700      214.344     9847.797
     239.017       13.700      223.836     9857.797
     240.042       15.700      215.859     9848.797
     241.063        6.900      216.148     9849.797
     242.083        4.900      216.148     9849.797
     243.099       17.500      230.438     9864.797
     244.127       11.800      231.461     9864.797
     245.143       52.600      238.324     9869.797
     246.170       25.500      238.324     9869.797
     247.189        6.800      238.324     9869.797
     248.216        5.800      197.062     9821.531
     249.244       12.700      209.828     9842.797
     250.265       35.400      234.352     9865.797
     251.281       20.500      234.906     9865.797
     252.304        7.900      197.164     9821.531
     253.321        6.900      197.164     9821.531
     254.342        7.900      197.164     9821.531
     255.361        8.800      210.250     9843.797
     256.380       23.500      232.004     9864.797
     257.401        8.800      197.219     9821.531
     258.426        7.800      197.219     9821.531
     259.448        6.900      197.219     9821.531
     260.466       21.600      224.480     9856.797
     261.484        8.900      197.484     9821.531
     262.501        7.800      197.484     9821.531
     263.528        6.900      197.484     9821.531
     264.543        6.800      197.484     9821.531
     265.566        5.900      197.484     9821.531
     266.589        9.700      197.484     9821.531
     267.616        7.800      197.484     9821.531
     268.642        6.800      197.484     9821.531
     269.664        5.900      197.484     9821.531
     270.679        7.800      197.484     9821.531
     271.701        8.800      197.484     9821.531
     272.717        7.800      197.484     9821.531
     273.742        6.900      197.484     9821.531
     274.756        4.900      197.484     9821.531
     275.778       25.600      233.816     9864.797
     276.794        7.800      197.500     9821.531
     277.821       13.700      217.418     9850.797
     278.840       11.800      224.465     9859.797
     279.860       34.500      233.969     9865.797
     280.880        9.800      233.969     9865.797
     281.896       10.800      233.969     9865.797
     282.918       22.500      227.707     9859.797
     283.938       18.500      235.332     9866.797
     284.963       32.300      231.852     9864.797
     285.985        6.900      197.652     9821.531
     287.000        6.900      197.652     9821.531
     288.018        5.900      197.652     9821.531
     289.038        7.800      197.652     9821.531
     290.058       28.600      230.504     9862.797
     291.073        7.800      197.672     9821.531
     292.095        6.900      197.672     9821.531
     293.118        8.800      197.930     9821.531
     294.140        8.800      208.871     9841.797
     295.161        7.900      211.996     9844.797
     296.177        6.800      197.934     9821.531
     297.201        6.800      197.934     9821.531
     298.233       21.600      232.031     9863.797
     299.254       10.800      197.953     9821.531
     300.276        4.900      197.953     9821.531
     301.302        6.800      197.953     9821.531
     302.329        6.900      197.953     9821.531
     303.342        6.800      197.953     9821.531
     304.368        8.800      197.953     9821.531
     305.391        7.800      197.953     9821.531
     306.419        6.900      197.953     9821.531
     307.440        4.900      197.953     9821.531
     308.458        6.800      197.953     9821.531
     309.479        5.900      197.953     9821.531
     310.501        7.900      197.953     9821.531
     311.519        6.900      197.953     9821.531
     312.537        5.900      197.953     9821.531
     313.554        7.800      197.953     9821.531
     314.582       10.800      215.301     9847.797
     315.596        7.900      197.953     9821.531
     316.612        8.800      197.953     9821.531
     317.631        6.900      197.953     9821.531
     318.649        7.800      197.953     9821.531
     319.668        5.900      197.953     9821.531
     320.682        7.800      197.953     9821.531
     321.707        6.900      197.953     9821.531
     322.729        8.900      197.953     9821.531
     323.745       14.600      223.520     9855.797
     324.770       22.500      241.949     9872.797
     325.794        7.800      197.988     9821.531
     326.814        5.900      197.988     9821.531
     327.836        9.800      197.988     9821.531
     328.853       28.500      231.082     9862.797
     329.872        7.900      232.109     9863.797
     330.891        6.800      198.172     9821.531
     331.913       10.800      216.516     9848.797
     332.935        7.900      198.176     9821.531
     333.952        7.800      198.176     9821.531
     334.975        8.800      198.176     9821.531
     335.996        4.900      198.176     9821.531
     337.012        7.900      198.176     9821.531
     338.028        9.900      198.176     9821.531
     339.042        6.900      198.176     9821.531
     340.059        5.900      198.176     9821.531
     341.082        6.800      198.176     9821.531
     342.106        7.800      198.176     9821.531
     343.126        6.900      198.176     9821.531
     344.138        7.900      198.176     9821.531
     345.153        4.900      198.176     9821.531
     346.167        6.900      198.176     9821.531
     347.180        7.900      198.176     9821.531
     348.194        7.800      198.176     9821.531
     349.215       12.800      217.676     9849.797
     350.230        6.800      198.180     9821.531
     351.255        5.900      198.180     9821.531
     352.270        6.800      198.180     9821.531
     353.294        8.800      198.180     9821.531
     354.322        4.900      198.180     9821.531
     355.346        6.900      198.180     9821.531
     356.364        7.800      198.180     9821.531
     357.388        5.900      198.180     9821.531
     358.404        8.800      198.180     9821.531
     359.431        5.800      198.180     9821.531
     360.454        8.800      198.180     9821.531
     361.490        7.700      198.180     9821.531
     362.514       11.800      213.328     9844.797
     363.533       25.600      234.199     9864.797
     364.549        9.800      211.000     9843.797
     365.569        6.900      198.203     9821.531
     366.591        5.900      198.203     9821.531
     367.617       29.300      242.461     9872.797
     368.639       33.400      246.285     9876.797
     369.655        8.700      198.227     9821.531
     370.686        5.900      198.227     9821.531
     371.706        7.900      198.227     9821.531
     372.724        5.900      198.227     9821.531
     373.746        9.700      198.441     9821.531
     374.773        6.900      198.441     9821.531
     375.790        5.900      198.441     9821.531
     376.811        8.900      198.441     9821.531
     377.826        6.900      198.441     9821.531
     378.844        6.900      198.441     9821.531
     379.859        5.900      198.441     9821.531
     380.876        5.900      198.441     9821.531
     381.894        6.900      198.441     9821.531
     382.914        5.900      198.441     9821.531
     383.936        7.800      198.441     9821.531
     384.961        6.800      198.441     9821.531
     385.984        6.900      198.441     9821.531
     387.000        6.800      198.441     9821.531
     388.022        7.900      198.441     9821.531
     389.040        6.800      198.441     9821.531
     390.066        5.800      198.441     9821.531
     391.092        7.900      198.441     9821.531
     392.112        7.900      198.441     9821.531
     393.127        9.800      198.441     9821.531
     394.150        6.900      198.441     9821.531
     395.167        6.900      198.441     9821.531
     396.181        5.900      198.441     9821.531
     397.195        6.800      198.441     9821.531
     398.221        7.900      198.441     9821.531
     399.238        7.800      210.621     9841.797
     400.264        5.900      198.441     9821.531
     401.281        6.900      198.441     9821.531
     402.304        9.800      212.887     9844.797
     403.326        7.800      198.441     9821.531
     404.352        5.900      198.441     9821.531
     405.373        6.800      198.441     9821.531
     406.400       46.000      242.188     9872.797
     407.422       23.400      199.484     9821.531
     408.444        9.900      210.426     9841.797
     409.460        5.900      199.484     9821.531
     410.478        5.900      199.484     9821.531
     411.500        9.800      199.484     9821.531
     412.523        6.800      199.484     9821.531
     413.549        7.800      199.484     9821.531
     414.570        5.800      199.484     9821.531
     415.601       26.600      199.484     9821.531
     416.621        6.900      199.484     9821.531
     417.636        6.800      199.484     9821.531
     418.662        7.800      199.484     9821.531
     419.684        7.800      199.484     9821.531
     420.704        6.800      199.484     9821.531
     421.729        7.900      199.484     9821.531
     422.748        6.900      199.484     9821.531
     423.767        5.900      199.484     9821.531
     424.786       25.600      199.484     9821.531
     425.802        7.900      211.355     9841.797
     426.821        6.900      199.484     9821.531
     427.838        6.900      199.484     9821.531
     428.856        6.900      199.484     9821.531
     429.881        6.900      199.484     9821.531
     430.896        5.900      199.484     9821.531
     431.916        6.900      199.484     9821.531
     432.932       26.500      199.484     9821.531
     433.951        7.800      199.484     9821.531
     434.976        5.900      199.484     9821.531
     435.994        6.800      199.484     9821.531
     437.023        7.800      199.484     9821.531
     438.048        6.800      199.484     9821.531
     439.070        5.900      199.484     9821.531
     440.095        6.900      199.484     9821.531
     441.114       25.500      199.484     9821.531
     442.133        5.900      199.484     9821.531
     443.157        8.800      210.480     9840.797
     444.180       24.600      235.254     9864.797
     445.198        9.800      199.508     9821.531
     446.214        7.800      199.508     9821.531
     447.246        7.800      199.508     9821.531
     448.258        5.900      199.508     9821.531
     449.280       26.600      199.508     9821.531
     450.298        6.800      199.508     9821.531
     451.321        6.800      199.508     9821.531
     452.346        7.800      199.508     9821.531
     453.368        6.800      199.508     9821.531
     454.389        5.900      199.508     9821.531
     455.407        7.900      199.508     9821.531
     456.420        7.900      199.508     9821.531
     457.439       24.500      199.508     9821.531
     458.461        5.900      199.508     9821.531
     459.480        6.800      199.508     9821.531
     460.504        8.800      199.508     9821.531
     461.528        7.800      199.508     9821.531
     462.550        6.900      199.508     9821.531
     463.571        5.900      199.508     9821.531
     464.592        7.800      199.508     9821.531
     465.628       26.200      199.508     9821.531
     466.652        7.800      199.508     9821.531
     467.677        6.900      199.508     9821.531
     468.693        6.900      199.508     9821.531
     469.707        8.800      199.508     9821.531
     470.729        5.900      199.508     9821.531
     471.745        5.900      199.508     9821.531
     472.764        7.900      199.508     9821.531
     473.778       22.600      199.508     9821.531
     474.796        6.800      199.508     9821.531
     475.819        5.900      199.508     9821.531
     476.836        6.800      199.508     9821.531
     477.864        7.800      199.508     9821.531
     478.891        6.900      199.508     9821.531
     479.906        5.900      199.508     9821.531
     480.918        4.900      199.508     9821.531
     481.944       26.600      199.523     9821.531
     482.960        5.900      199.523     9821.531
     483.977        6.800      201.906     9821.531
     484.999        8.900      205.516     9821.531
     486.015        7.800      205.516     9821.531
     487.040        6.900      205.516     9821.531
     488.055        6.800      205.516     9821.531
     489.080       26.500      205.516     9821.531
     490.098        5.900      205.516     9821.531
     491.112        6.800      205.516     9821.531
     492.135        5.900      207.055     9821.531
     493.157        6.900      207.312     9821.531
     494.180        6.900      207.312     9821.531
     495.200        9.800      207.312     9821.531
     496.222        6.900      207.312     9821.531
     497.238       27.400      207.312     9821.531
     498.260        6.900      207.312     9821.531
     499.276        6.900      207.312     9821.531
     500.289        7.800      207.312     9821.531
     501.316        7.900      207.312     9821.531
     502.335        7.800      207.312     9821.531
     503.355        5.900      207.312     9821.531
     504.375        5.900      207.312     9821.531
     505.394       27.500      207.312     9821.531
     506.410        5.900      207.312     9821.531
     507.437        6.800      207.312     9821.531
     508.460        7.800      207.543     9821.531
     509.488       13.800      228.367     9851.797
     510.500        6.800      207.551     9821.531
     511.524        6.800      207.551     9821.531
     512.551        5.900      207.551     9821.531
     513.567       26.400      207.551     9821.531
     514.590        6.800      207.551     9821.531
     515.616        5.900      207.551     9821.531
     516.629       26.500      244.121     9865.797
     517.647        5.900      207.578     9821.531
     518.666        8.900      207.578     9821.531
     519.684        7.800      207.578     9821.531
     520.710        6.900      207.578     9821.531
     521.726        7.900      207.578     9821.531
     522.743       28.200      207.578     9821.531
     523.771        7.800      207.578     9821.531
     524.794        5.900      207.578     9821.531
     525.810        5.900      207.578     9821.531
     526.835        8.800      207.578     9821.531
     527.860       12.700      228.508     9850.797
     528.880        5.900      207.586     9821.531
     529.902        7.800      207.586     9821.531
     530.925       30.200      207.586     9821.531
     531.952        6.900      207.586     9821.531
     532.966        5.900      207.586     9821.531
     533.989        6.900      207.586     9821.531
     535.009        5.900      207.586     9821.531
     536.022        9.700      207.586     9821.531
     537.048        5.900      207.586     9821.531
     538.065        5.900      207.586     9821.531
     539.083        6.900      207.586     9821.531
     540.100       27.500      207.586     9821.531
     541.117        6.900      207.586     9821.531
     542.135        8.800      207.586     9821.531
     543.156        8.800      207.586     9821.531
     544.178        6.900      207.586     9821.531
     545.195        6.900      207.586     9821.531
     546.209        5.900      207.586     9821.531
     547.231        6.800      207.586     9821.531
     548.256        7.800      207.586     9821.531
     549.278       22.700      207.586     9821.531
     550.293        6.900      207.586     9821.531
     551.313        6.900      207.586     9821.531
     552.330        6.900      207.586     9821.531
     553.346        6.900      207.586     9821.531
     554.363        8.900      207.586     9821.531
     555.377        4.900      207.586     9821.531
     556.403       27.400      208.125     9821.531
     557.424        6.900      208.125     9821.531
     558.444        5.900      209.340     9821.531
     559.464        5.900      214.230     9821.531
     560.487        7.900      216.035     9821.531
     561.505        7.800      216.035     9821.531
     562.528        7.900      216.035     9821.531
     563.541        6.900      216.035     9821.531
     564.561        5.900      216.035     9821.531
     565.584       29.200      216.035     9821.531
     566.605        8.800      216.035     9821.531
     567.626        5.900      216.035     9821.531
     568.642        7.900      216.035     9821.531
     569.658        3.900      216.035     9821.531
     570.682        7.800      216.035     9821.531
     571.704        5.900      216.035     9821.531
     572.723        7.900      216.035     9821.531
     573.739        7.900      216.035     9821.531
     574.759        5.800      216.035     9821.531
     575.791       32.200      216.035     9821.531
     576.810        7.900      216.035     9821.531
     577.822        5.900      216.035     9821.531
     578.848        7.800      216.035     9821.531
     579.873        8.900      216.035     9821.531
     580.888        5.900      216.035     9821.531
     581.903        5.900      216.035     9821.531
     582.915        5.800      216.035     9821.531
     583.941        5.900      216.035     9821.531
     584.956       30.400      216.035     9821.531
     585.976        5.900      216.035     9821.531
     587.001        6.900      216.035     9821.531
     588.017        5.900      216.035     9821.531
     589.036        6.900      216.035     9821.531
     590.063        6.900      216.035     9821.531
     591.080        6.800      216.035     9821.531
     592.102        5.900      216.035     9821.531
     593.120        5.900      216.035     9821.531
     594.143        6.900      216.035     9821.531
     595.169       33.100      216.035     9821.531
     596.189        6.800      216.035     9821.531
     597.214        6.800      216.035     9821.531
     598.239        5.900      216.035     9821.531
     599.260       10.800      216.035     9821.531
     600.278        6.800      216.035     9821.531
     601.302        6.900      216.035     9821.531
     602.320        6.900      216.035     9821.531
     603.341        4.900      216.035     9821.531
     604.357       31.300      216.035     9821.531
     605.380        5.900      216.035     9821.531
     606.403        6.900      216.035     9821.531
     607.419        7.900      216.035     9821.531
     608.436        5.900      216.035     9821.531
     609.453        8.800      216.035     9821.531
     610.468        6.800      216.035     9821.531
     611.490        6.900      216.035     9821.531
     612.508        5.900      216.035     9821.531
     613.527        7.900      216.035     9821.531
     614.541       30.400      216.035     9821.531
     615.560        6.800      216.035     9821.531
     616.591        6.800      216.035     9821.531
     617.609        6.900      216.035     9821.531
     618.624        6.900      216.035     9821.531
     619.642        6.900      216.035     9821.531
     620.664        6.800      216.035     9821.531
     621.688        4.900      216.035     9821.531
     622.706        5.900      216.035     9821.531
     623.722       30.500      216.051     9821.531
     624.739        7.800      216.051     9821.531
     625.760        8.800      217.762     9821.531
     626.782        6.900      220.082     9821.531
     627.801        7.800      220.082     9821.531
     628.820        6.900      220.082     9821.531
     629.842        7.800      220.082     9821.531
     630.863        5.900      220.082     9821.531
     631.884        7.900      220.082     9821.531
     632.902       29.400      220.082     9821.531
     633.925        6.900      220.082     9821.531
     634.936        6.900      220.082     9821.531
     635.954        6.900      220.082     9821.531
     636.971        7.800      220.082     9821.531
     637.990        6.900      220.129     9821.531
     639.003        8.900      220.129     9821.531
     640.019        8.800      223.980     9821.531
     641.038        6.800      228.871     9821.531
     642.068        6.900      234.543     9821.531
     643.088        6.900      239.957     9821.531
     644.105        6.900      239.957     9821.531
     645.126        7.900      239.957     9821.531
     646.141        6.900      239.957     9821.531
     647.156        6.800      239.957     9821.531
     648.182        6.800      239.957     9821.531
     649.207        5.900      239.957     9821.531
     650.225        6.800      239.957     9821.531
     651.252        5.900      239.957     9821.531
     652.271        7.900      239.957     9821.531
     653.288        6.900      239.957     9821.531
     654.306        5.900      239.957     9821.531
     655.334       11.800      253.664     9843.797
     656.355        7.800      239.961     9821.531
     657.371        4.900      239.961     9821.531
     658.387        6.900      239.961     9821.531
     659.403       31.000      280.621     9870.797
     660.431       25.300      284.426     9872.797
     661.461        7.900      284.426     9872.797
     662.476        6.800      240.199     9821.531
     663.502        9.800      240.199     9821.531
     664.521        5.800      240.199     9821.531
     665.548        6.800      240.199     9821.531
     666.572        5.900      240.199     9821.531
     667.588        7.800      240.199     9821.531
     668.613        5.900      240.199     9821.531
     669.628        6.900      240.199     9821.531
     670.642        6.900      240.199     9821.531
     671.660       10.800      240.199     9821.531
     672.683        6.800      240.199     9821.531
     673.704        7.800      240.199     9821.531
     674.727        7.800      240.199     9821.531
     675.746        5.900      240.199     9821.531
     676.768        6.900      240.199     9821.531
     677.784        6.800      240.199     9821.531
     678.811        7.800      240.199     9821.531
     679.828        6.800      240.199     9821.531
     680.855        8.800      240.199     9821.531
     681.875       24.500      275.621     9864.797
     682.895        6.900      240.211     9821.531
     683.911        5.900      240.211     9821.531
     684.934        5.900      240.211     9821.531
     685.956       38.400      284.457     9872.797
     686.978       17.600      284.938     9872.797
     687.995        7.900      240.242     9821.531
     689.011        6.900      240.242     9821.531
     690.025        7.800      240.242     9821.531
     691.048        5.900      240.242     9821.531
     692.063        7.800      240.242     9821.531
     693.089        9.800      252.402     9841.797
     694.113        7.900      240.242     9821.531
     695.135        4.900      240.242     9821.531
     696.155        7.900      240.242     9821.531
     697.170        8.700      240.242     9821.531
     698.200        6.800      240.242     9821.531
     699.225        9.700      240.242     9821.531
     700.253        6.900      240.242     9821.531
     701.270        5.800      240.242     9821.531
     702.297        7.800      240.242     9821.531
     703.318        5.900      240.242     9821.531
     704.338        8.800      240.242     9821.531
     705.361        6.900      240.242     9821.531
     706.382        9.800      240.242     9821.531
     707.406        7.800      240.242     9821.531
     708.426        5.900      240.242     9821.531
     709.447        8.800      240.242     9821.531
     710.469        6.900      240.242     9821.531
     711.487        7.800      240.242     9821.531
     712.514        7.800      240.242     9821.531
     713.545        7.900      240.242     9821.531
     714.560        5.900      240.242     9821.531
     715.583        7.700      240.242     9821.531
     716.610        5.900      240.242     9821.531
     717.624        6.900      240.242     9821.531
     718.645        6.800      240.242     9821.531
     719.671        8.800      240.242     9821.531
     720.691        6.900      240.242     9821.531
     721.711        7.800      240.242     9821.531
     722.735        6.800      240.242     9821.531
     723.757        6.900      240.242     9821.531
     724.771        4.900      240.242     9821.531
     725.790        7.800      240.242     9821.531
     726.812       11.800      255.375     9844.797
     727.833        6.800      240.246     9821.531
     728.856        7.800      240.246     9821.531
     729.877        8.800      240.246     9821.531
     730.904        6.800      240.246     9821.531
     731.929        9.800      240.246     9821.531
     732.944        6.800      240.246     9821.531
     733.972       15.700      257.176     9846.797
     734.994        6.900      240.246     9821.531
     736.009        5.900      240.246     9821.531
     737.033        7.800      240.246     9821.531
     738.060        8.900      240.246     9821.531
     739.077        5.900      240.246     9821.531
     740.096        6.800      240.246     9821.531
     741.123        8.800      240.246     9821.531
     742.149        7.800      240.246     9821.531
     743.173        5.900      240.246     9821.531
     744.192        7.900      240.246     9821.531
     745.205        5.900      240.246     9821.531
     746.224        6.900      240.246     9821.531
     747.243        6.900      240.246     9821.531
     748.262        9.800      240.246     9821.531
     749.287        8.800      240.246     9821.531
     750.313        5.900      240.246     9821.531
     751.337        5.900      240.246     9821.531
     752.353        6.900      240.246     9821.531
     753.367        5.900      240.246     9821.531
     754.383       34.100      240.762     9821.531
     755.408        6.900      240.762     9821.531
     756.427        5.900      240.762     9821.531
     757.443        6.900      240.762     9821.531
     758.461        5.900      240.762     9821.531
     759.485        7.900      240.762     9821.531
     760.501        7.900      240.781     9821.531
     761.518        6.900      240.781     9821.531
     762.532        4.900      240.781     9821.531
     763.546        7.900      240.781     9821.531
     764.565        6.900      240.781     9821.531
     765.582        6.800      240.781     9821.531
     766.604       11.800      240.781     9821.531
     767.622       30.300      241.039     9821.531
     768.646        5.800      241.039     9821.531
     769.672        6.900      241.039     9821.531
     770.694        6.900      241.039     9821.531
     771.714        5.900      241.039     9821.531
     772.729        5.900      241.039     9821.531
     773.753        7.800      241.039     9821.531
     774.780        7.800      241.039     9821.531
     775.806        6.800      241.039     9821.531
     776.835        7.800      241.039     9821.531
     777.863        6.900      241.039     9821.531
     778.879        5.900      241.039     9821.531
     779.897       35.200      241.039     9821.531
     780.920        5.900      241.039     9821.531
     781.940        6.900      241.039     9821.531
     782.957        7.900      241.039     9821.531
     783.975        6.900      241.039     9821.531
     784.993        6.900      241.039     9821.531
     786.009        8.900      241.039     9821.531
     787.022        6.800      241.039     9821.531
     788.044        6.900      241.039     9821.531
     789.065        7.800      241.039     9821.531
     790.091        5.900      241.039     9821.531
     791.115        6.900      241.039     9821.531
     792.133       31.500      241.039     9821.531
     793.150        5.800      241.039     9821.531
     794.178        7.700      241.039     9821.531
     795.212        6.900      241.039     9821.531
     796.229        6.900      241.039     9821.531
     797.250        6.800      241.039     9821.531
     798.277        9.800      241.039     9821.531
     799.305        6.800      241.039     9821.531
     800.329        6.900      241.039     9821.531
     801.351        6.900      241.039     9821.531
     802.371        5.900      241.039     9821.531
     803.389        7.900      241.039     9821.531
     804.405       37.200      241.039     9821.531
     805.429        5.800      241.039     9821.531
     806.460       20.600      276.844     9864.797
     807.477        6.800      241.059     9821.531
     808.501        6.900      241.059     9821.531
     809.521        5.900      241.059     9821.531
     810.538        9.800      241.059     9821.531
     811.557        8.800      241.059     9821.531
     812.575        5.900      241.059     9821.531
     813.591        6.900      241.059     9821.531
     814.616        6.800      241.059     9821.531
     815.633        7.800      241.059     9821.531
     816.658       36.400      241.059     9821.531
     817.673        6.900      241.059     9821.531
     818.698        9.700      241.059     9821.531
     819.717        6.900      241.059     9821.531
     820.736        5.800      241.059     9821.531
     821.762        9.800      241.105     9821.531
     822.788        7.800      241.105     9821.531
     823.808        4.900      242.398     9821.531
     824.832        7.700      248.070     9821.531
     825.863        5.900      252.703     9821.531
     826.882        6.900      257.859     9821.531
     827.898        6.900      262.500     9821.531
     828.917        6.800      265.078     9821.531
     829.941        7.900      265.078     9821.531
     830.957        5.900      265.078     9821.531
     831.979        9.800      265.078     9821.531
     832.997        6.900      265.078     9821.531
     834.015        6.800      265.078     9821.531
     835.042        7.900      265.078     9821.531
     836.057        6.800      265.078     9821.531
     837.080        6.800      265.078     9821.531
     838.105        7.900      265.078     9821.531
     839.121        6.900      265.078     9821.531
     840.142        8.800      265.078     9821.531
     841.168        7.800      265.078     9821.531
     842.194        6.900      265.078     9821.531
     843.213        6.900      265.078     9821.531
     844.229        6.900      265.078     9821.531
     845.249        7.800      265.078     9821.531
     846.268        5.900      265.078     9821.531
     847.285        6.800      265.078     9821.531
     848.311        4.900      265.078     9821.531
     849.334        6.900      265.078     9821.531
     850.354        6.900      265.078     9821.531
     851.367        6.800      265.078     9821.531
     852.391        5.900      265.078     9821.531
     853.414        6.900      265.078     9821.531
     854.430        5.800      265.078     9821.531
     855.457        6.800      265.078     9821.531
     856.480        6.900      265.078     9821.531
     857.496        6.900      265.078     9821.531
     858.513        8.700      265.078     9821.531
     859.542        8.800      265.078     9821.531
     860.570        6.900      265.078     9821.531
     861.587        6.900      265.078     9821.531
     862.603        6.900      265.078     9821.531
     863.626        6.800      265.078     9821.531
     864.653        6.900      265.078     9821.531
     865.672        5.900      265.078     9821.531
     866.690        5.900      265.078     9821.531
     867.708        8.800      265.078     9821.531
     868.726        5.900      265.078     9821.531
     869.740        6.900      265.078     9821.531
     870.759        5.900      265.078     9821.531
     871.780        6.800      265.078     9821.531
     872.803        6.800      265.078     9821.531
     873.828        5.900      265.078     9821.531
     874.846        6.900      265.078     9821.531
     875.868        9.700      265.078     9821.531
     876.891        6.800      265.078     9821.531
     877.919        6.800      265.078     9821.531
     878.942        5.900      265.078     9821.531
     879.962        7.800      265.078     9821.531
     880.982        7.800      265.078     9821.531
     882.004        5.900      265.078     9821.531
     883.027        5.900      265.078     9821.531
     884.047        6.800      265.078     9821.531
     885.071        7.800      265.078     9821.531
     886.098        7.800      265.078     9821.531
     887.122        7.800      265.078     9821.531
     888.149        6.900      265.078     9821.531
     889.167        7.900      265.078     9821.531
     890.184        7.900      265.078     9821.531
     891.200        6.800      265.078     9821.531
     892.226        6.800      265.078     9821.531
     893.252        9.800      265.078     9821.531
     894.278        9.700      265.078     9821.531
     895.303        9.800      265.078     9821.531
     896.323        8.800      265.078     9821.531
     897.342        6.900      265.078     9821.531
     898.359        8.800      265.078     9821.531
     899.377        8.800      265.078     9821.531
     900.397        7.800      265.078     9821.531
     901.421        7.900      265.078     9821.531
     902.439        8.800      265.078     9821.531
     903.458        8.800      265.078     9821.531
     904.480        9.900      265.078     9821.531
     905.495        7.800      265.078     9821.531
     906.519       11.700      278.922     9843.797
     907.541        8.800      265.082     9821.531
     908.564        6.900      265.082     9821.531
     909.581        7.900      265.082     9821.531
     910.599       10.800      265.082     9821.531
     911.620        7.900      265.082     9821.531
     912.632        7.900      265.082     9821.531
     913.645        7.800      265.082     9821.531
     914.665       26.600      300.555     9864.797
     915.683        8.800      265.098     9821.531
     916.702        8.800      265.098     9821.531
     917.726        8.800      265.098     9821.531
     918.748        7.800      265.098     9821.531
     919.768        9.800      265.098     9821.531
     920.789        8.900      265.098     9821.531
     921.802        9.700      265.098     9821.531
     922.828        8.800      265.098     9821.531
     923.848        6.900      265.098     9821.531
     924.866        7.900      265.098     9821.531
     925.880        7.900      265.098     9821.531
     926.900        9.700      265.098     9821.531
     927.927        8.800      265.098     9821.531
     928.949        7.200      265.098     9821.531
     930.063        8.900      265.098     9821.531
     931.080        7.800      265.098     9821.531
     932.100        9.800      265.098     9821.531
     933.121        6.900      265.098     9821.531
     934.138        7.800      265.098     9821.531
     935.166        8.900      265.098     9821.531
     936.190        7.700      265.098     9821.531
     937.217        9.700      265.098     9821.531
     938.244        9.800      265.121     9821.531
     939.270        8.800      265.121     9821.531
     940.288       10.800      265.121     9821.531
     941.309       10.900      265.121     9821.531
     942.321        7.800      265.121     9821.531
     943.348       10.800      265.121     9821.531
     944.362        8.900      265.121     9821.531
     945.380        7.900      265.121     9821.531
     946.396        8.800      265.121     9821.531
     947.413        7.900      265.121     9821.531
     948.432       47.900      265.379     9821.531
     949.456        6.800      265.379     9821.531
     950.480        8.800      265.379     9821.531
     951.502        7.800      265.379     9821.531
     952.526        8.800      265.379     9821.531
     953.547       10.800      265.379     9821.531
     954.566        7.900      265.379     9821.531
     955.586        6.800      265.379     9821.531
     956.608       15.600      284.777     9849.797
     957.635        9.700      265.379     9821.531
     958.661       45.200      265.895     9821.531
     959.678        6.900      265.895     9821.531
     960.700        8.800      265.895     9821.531
     961.721        9.800      265.895     9821.531
     962.738        8.800      265.895     9821.531
     963.764       11.700      265.895     9821.531
     964.785        7.900      265.895     9821.531
     965.806        8.800      265.895     9821.531
     966.821        8.900      265.895     9821.531
     967.836        8.800      265.895     9821.531
     968.856       36.200      265.895     9821.531
     969.880        7.900      265.895     9821.531
     970.896        7.900      265.895     9821.531
     971.911        7.900      265.895     9821.531
     972.926        8.800      265.895     9821.531
     973.954        9.800      265.895     9821.531
     974.974        7.800      265.895     9821.531
     975.994        8.800      265.895     9821.531
     977.016       10.800      265.895     9821.531
     978.035        8.800      265.895     9821.531
     979.059       47.800      265.895     9821.531
     980.083        6.900      265.895     9821.531
     981.100        9.800      265.895     9821.531
     982.118        7.900      265.895     9821.531
     983.133        6.900      265.895     9821.531
     984.156        9.700      265.922     9821.531
     985.183        8.800      265.922     9821.531
     986.201        7.800      265.922     9821.531
     987.223        8.800      265.922     9821.531
     988.251        6.900      265.922     9821.531
     989.273       34.100      265.922     9821.531
     990.297        7.800      265.922     9821.531
     991.324        8.800      265.922     9821.531
     992.345        7.800      265.922     9821.531
     993.368        7.900      265.922     9821.531
     994.386        9.900      265.922     9821.531
     995.401        7.800      265.922     9821.531
     996.426        7.800      265.922     9821.531
     997.446        6.900      265.922     9821.531
     998.461        9.700      265.922     9821.531
     999.488       45.200      265.922     9821.531
    1000.508        7.800      265.922     9821.531
    1001.543        9.800      265.922     9821.531
    1002.558        8.900      265.922     9821.531
    1003.571       11.800      278.180     9842.797
    1004.591        9.800      265.926     9821.531
    1005.616       10.800      265.926     9821.531
    1006.632        8.800      265.926     9821.531
    1007.649        7.800      265.926     9821.531
    1008.669       47.800      265.926     9821.531
    1009.702        7.700      265.926     9821.531
    1010.729        8.900      265.926     9821.531
    1011.745        8.800      265.926     9821.531
    1012.761        5.900      265.926     9821.531
    1013.781        8.800      265.926     9821.531
    1014.799        7.800      265.926     9821.531
    1015.821        7.900      265.926     9821.531
    1016.841        9.800      265.926     9821.531
    1017.858       45.300      265.926     9821.531
    1018.876        7.900      265.926     9821.531
    1019.898        8.600      265.926     9821.531
    1020.934       47.800      310.641     9873.797
    1021.962       22.400      311.066     9873.797
    1022.986        8.800      266.020     9821.531
    1024.002        7.800      266.020     9821.531
    1025.031        7.800      266.020     9821.531
    1026.056        9.800      266.020     9821.531
    1027.076       49.600      266.020     9821.531
    1028.101        8.800      266.020     9821.531
    1029.126        7.800      266.020     9821.531
    1030.153        6.800      266.020     9821.531
    1031.179        6.900      266.020     9821.531
    1032.197       10.800      266.020     9821.531
    1033.217        6.900      266.020     9821.531
    1034.238        8.800      266.020     9821.531
    1035.257        7.800      266.020     9821.531
    1036.283        6.800      266.020     9821.531
    1037.309       47.100      266.020     9821.531
    1038.328        8.900      266.020     9821.531
    1039.345        8.800      266.020     9821.531
    1040.366        7.800      266.020     9821.531
    1041.393       11.700      266.020     9821.531
    1042.418        7.900      266.020     9821.531
    1043.432        8.800      266.020     9821.531
    1044.463        6.800      266.020     9821.531
    1045.482        7.800      266.020     9821.531
    1046.504       48.900      266.020     9821.531
    1047.526        6.800      266.180     9821.531
    1048.550        8.900      269.789     9821.531
    1049.570        6.800      269.789     9821.531
    1050.591        8.900      269.789     9821.531
    1051.608        8.900      269.789     9821.531
    1052.623        6.900      269.789     9821.531
    1053.640        9.700      269.789     9821.531
    1054.666        7.800      269.789     9821.531
    1055.692       41.400      269.789     9821.531
    1056.705        7.900      269.789     9821.531
    1057.725        8.800      269.789     9821.531
    1058.747        7.800      269.789     9821.531
    1059.770        8.800      269.789     9821.531
    1060.788        9.800      269.789     9821.531
    1061.813        7.900      269.789     9821.531
    1062.831        8.900      269.789     9821.531
    1063.848        7.800      269.789     9821.531
    1064.866       48.800      269.789     9821.531
    1065.890        6.800      269.789     9821.531
    1066.912        9.800      270.020     9821.531
    1067.929        8.800      270.020     9821.531
    1068.952        6.900      270.020     9821.531
    1069.969        9.800      270.020     9821.531
    1070.986        8.800      270.020     9821.531
    1072.008        7.800      270.020     9821.531
    1073.038        7.800      270.020     9821.531
    1074.056       52.600      270.020     9821.531
    1075.082        7.900      270.020     9821.531
    1076.102        8.800      270.020     9821.531
    1077.128        8.800      270.020     9821.531
    1078.154        6.900      270.020     9821.531
    1079.172       10.800      270.020     9821.531
    1080.191        6.900      270.020     9821.531
    1081.211        8.800      270.020     9821.531
    1082.234        8.800      270.020     9821.531
    1083.258       52.100      270.020     9821.531
    1084.276        9.800      270.020     9821.531
    1085.292        8.800      270.020     9821.531
    1086.317        7.800      270.020     9821.531
    1087.335        7.800      270.020     9821.531
    1088.358       12.800      270.020     9821.531
    1089.374        8.800      270.020     9821.531
    1090.396        7.800      270.020     9821.531
    1091.417        9.800      270.020     9821.531
    1092.437       48.800      270.031     9821.531
    1093.464        7.800      270.031     9821.531
    1094.488        9.800      276.176     9821.531
    1095.507        7.800      277.980     9821.531
    1096.523        7.800      277.980     9821.531
    1097.547        8.800      277.980     9821.531
    1098.566        9.700      277.980     9821.531
    1099.592        8.800      277.980     9821.531
    1100.614        8.800      277.980     9821.531
    1101.640        9.700      277.980     9821.531
    1102.667       50.100      278.238     9821.531
    1103.684        8.900      278.238     9821.531
    1104.701        7.800      278.238     9821.531
    1105.723        8.800      278.238     9821.531
    1106.749        7.900      278.238     9821.531
    1107.765        8.800      278.238     9821.531
    1108.786        8.800      278.238     9821.531
    1109.806        8.800      278.238     9821.531
    1110.824        9.800      278.238     9821.531
    1111.845        7.900      278.238     9821.531
    1112.863       48.800      278.238     9821.531
    1113.882        9.800      278.238     9821.531
    1114.898        8.900      278.238     9821.531
    1115.915        7.900      278.238     9821.531
    1116.932        8.800      278.238     9821.531
    1117.948        9.900      278.238     9821.531
    1118.963        7.800      278.238     9821.531
    1119.983        7.900      278.238     9821.531
    1120.999        7.900      278.238     9821.531
    1122.014        8.800      278.238     9821.531
    1123.036       50.700      278.238     9821.531
    1124.060        8.800      278.238     9821.531
    1125.082        7.800      278.238     9821.531
    1126.111        8.900      278.238     9821.531
    1127.126        8.800      278.238     9821.531
    1128.146        9.800      278.238     9821.531
    1129.168        8.800      278.238     9821.531
    1130.188        8.800      278.238     9821.531
    1131.210        9.800      278.238     9821.531
    1132.233        7.800      278.238     9821.531
    1133.254       51.000      278.238     9821.531
    1134.274        7.800      278.238     9821.531
    1135.293        7.900      278.238     9821.531
    1136.311        7.800      278.238     9821.531
    1137.338        7.800      278.238     9821.531
    1138.386        9.500      278.238     9821.531
    1139.412        8.900      278.238     9821.531
    1140.429        7.800      278.238     9821.531
    1141.447        8.800      278.238     9821.531
    1142.466        8.800      278.238     9821.531
    1143.482       59.300      278.262     9821.531
    1144.494        7.800      278.699     9821.531
    1145.515        8.900      282.309     9821.531
    1146.530        7.900      282.309     9821.531
    1147.545        6.800      282.309     9821.531
    1148.569        8.800      282.309     9821.531
    1149.587        7.800      282.309     9821.531
    1150.606        7.900      282.309     9821.531
    1151.633        8.800      282.309     9821.531
    1152.653        6.900      282.309     9821.531
    1153.672       54.300      282.566     9821.531
    1154.686        8.800      282.566     9821.531
    1155.709        8.700      282.566     9821.531
    1156.736        7.900      282.566     9821.531
    1157.753        9.800      282.566     9821.531
    1158.776       13.800      282.566     9821.531
    1159.796        7.800      282.566     9821.531
    1160.818        7.900      282.566     9821.531
    1161.833        9.800      282.566     9821.531
    1162.855        7.800      282.566     9821.531
    1163.885        7.800      282.566     9821.531
    1164.909       53.100      282.566     9821.531
    1165.929        9.800      282.566     9821.531
    1166.950        9.800      282.566     9821.531
    1167.970        8.700      282.566     9821.531
    1169.005       10.800      282.566     9821.531
    1170.024        8.800      282.566     9821.531
    1171.047        8.900      282.566     9821.531
    1172.066        7.900      282.566     9821.531
    1173.082        8.800      282.566     9821.531
    1174.101        7.800      282.566     9821.531
    1175.121       64.000      282.566     9821.531
    1176.140        8.800      282.566     9821.531
    1177.163        8.800      282.566     9821.531
    1178.188        8.800      282.566     9821.531
    1179.208        9.900      282.566     9821.531
    1180.224       10.700      282.566     9821.531
    1181.249        9.800      282.566     9821.531
    1182.267        8.800      282.566     9821.531
    1183.292        9.800      282.566     9821.531
    1184.312        7.800      282.566     9821.531
    1185.342       22.100      282.566     9821.531
    1186.380       49.200      282.566     9821.531
    1187.397        6.800      282.566     9821.531
    1188.423        6.900      282.566     9821.531
    1189.442        7.900      282.566     9821.531
    1190.458        7.900      282.566     9821.531
    1191.474       10.600      282.566     9821.531
    1192.506        7.800      282.566     9821.531
    1193.526        7.900      282.566     9821.531
    1194.540        8.900      282.566     9821.531
    1195.552        7.900      282.566     9821.531
    1196.569       33.300      282.566     9821.531
    1197.593       29.400      282.836     9821.531
    1198.611        8.800      286.875     9821.531
    1199.632        8.800      290.742     9821.531
    1200.655        9.800      290.742     9821.531
    1201.679       10.700      290.742     9821.531
    1202.711        9.700      290.742     9821.531
    1203.730        7.800      290.742     9821.531
    1204.752        8.800      290.742     9821.531
    1205.772        6.800      290.742     9821.531
    1206.799       56.600      290.742     9821.531
    1207.820        8.800      290.742     9821.531
    1208.845        9.800      290.742     9821.531
    1209.859        8.900      290.742     9821.531
    1210.877        9.800      290.742     9821.531
    1211.900       11.800      290.742     9821.531
    1212.917        6.800      290.742     9821.531
    1213.939        6.900      290.742     9821.531
    1214.958        8.800      290.742     9821.531
    1215.984        7.800      290.742     9821.531
    1217.000       58.200      290.742     9821.531
    1218.013       10.800      290.742     9821.531
    1219.029        8.900      290.742     9821.531
    1220.042        7.800      290.742     9821.531
    1221.070        7.800      290.742     9821.531
    1222.100        9.800      290.742     9821.531
    1223.123        7.800      290.742     9821.531
    1224.148        8.900      290.742     9821.531
    1225.166        7.800      290.742     9821.531
    1226.186        9.800      290.742     9821.531
    1227.212       57.700      290.742     9821.531
    1228.233        7.900      290.742     9821.531
    1229.250        7.900      290.742     9821.531
    1230.267        8.800      290.742     9821.531
    1231.286        7.900      290.742     9821.531
    1232.297       10.800      290.742     9821.531
    1233.313        8.800      290.742     9821.531
    1234.339        8.900      290.742     9821.531
    1235.350        8.800      290.742     9821.531
    1236.371        8.800      290.742     9821.531
    1237.394       57.800      290.742     9821.531
    1238.412        8.800      290.742     9821.531
    1239.440        8.800      290.742     9821.531
    1240.461        9.800      290.742     9821.531
    1241.478        6.800      290.742     9821.531
    1242.501        8.800      290.742     9821.531
    1243.526        9.700      290.742     9821.531
    1244.550        6.900      290.742     9821.531
    1245.566        6.900      290.742     9821.531
    1246.584        8.900      290.742     9821.531
    1247.602       53.200      290.770     9821.531
    1248.615        8.800      290.770     9821.531
    1249.639        8.900      298.684     9821.531
    1250.656        7.800      298.684     9821.531
    1251.677        9.700      298.684     9821.531
    1252.702        9.800      298.684     9821.531
    1253.729        8.800      298.684     9821.531
    1254.743        8.900      298.684     9821.531
    1255.760        8.900      298.684     9821.531
    1256.774        8.900      298.684     9821.531
    1257.791       58.800      298.684     9821.531
    1258.810        8.800      298.684     9821.531
    1259.830        8.900      298.684     9821.531
    1260.846        7.800      298.684     9821.531
    1261.866        7.900      298.684     9821.531
    1262.884        7.800      298.684     9821.531
    1263.906       10.800      298.684     9821.531
    1264.924        8.900      298.684     9821.531
    1265.940        8.800      298.684     9821.531
    1266.956        8.800      298.684     9821.531
    1267.979        7.900      298.684     9821.531
    1268.996       55.200      298.684     9821.531
    1270.011        6.900      298.684     9821.531
    1271.028        7.900      298.684     9821.531
    1272.045        7.900      298.684     9821.531
    1273.061        7.900      298.684     9821.531
    1274.075        8.800      298.684     9821.531
    1275.098        9.800      298.684     9821.531
    1276.119        7.800      298.684     9821.531
    1277.144        8.900      298.684     9821.531
    1278.159        7.900      298.684     9821.531
    1279.178        7.900      298.684     9821.531
    1280.191       63.900      298.684     9821.531
    1281.209        7.900      298.684     9821.531
    1282.227        7.800      298.684     9821.531
    1283.253        9.800      298.684     9821.531
    1284.276       11.800      298.684     9821.531
    1285.294        8.800      298.684     9821.531
    1286.317       11.700      298.684     9821.531
    1287.342        7.800      298.684     9821.531
    1288.368        8.800      298.684     9821.531
    1289.388        8.700      298.684     9821.531
    1290.419        7.800      298.684     9821.531
    1291.440       57.400      298.684     9821.531
    1292.468        9.800      298.684     9821.531
    1293.492        8.800      298.684     9821.531
    1294.518        8.800      298.684     9821.531
    1295.540        7.800      298.684     9821.531
    1296.560        9.700      298.684     9821.531
    1297.587        7.900      298.684     9821.531
    1298.603        6.800      298.684     9821.531
    1299.626        7.800      298.684     9821.531
    1300.649        9.900      298.684     9821.531
    1301.665        8.700      298.867     9821.531
    1302.693       54.100      298.891     9821.531
    1303.711        8.800      302.496     9821.531
    1304.735        7.900      302.754     9821.531
    1305.752        8.800      302.754     9821.531
    1306.771        8.800      302.754     9821.531
    1307.797        8.800      302.754     9821.531
    1308.815        9.800      302.754     9821.531
    1309.838        7.800      302.754     9821.531
    1310.859        7.900      302.754     9821.531
    1311.883        7.800      302.754     9821.531
    1312.900       57.700      302.754     9821.531
    1313.924        8.800      302.754     9821.531
    1314.949       10.700      302.754     9821.531
    1315.974        8.800      302.754     9821.531
    1316.993        8.800      302.754     9821.531
    1318.011        8.800      302.754     9821.531
    1319.028        7.800      302.754     9821.531
    1320.055        9.800      302.754     9821.531
    1321.074        7.900      302.754     9821.531
    1322.089        8.800      302.754     9821.531
    1323.110        7.800      302.754     9821.531
    1324.129       56.900      302.754     9821.531
    1325.148        9.800      302.754     9821.531
    1326.172        8.800      302.754     9821.531
    1327.195        8.900      302.754     9821.531
    1328.211        7.800      302.754     9821.531
    1329.230        9.700      302.754     9821.531
    1330.256        9.800      302.754     9821.531
    1331.272        6.900      302.754     9821.531
    1332.295        9.800      302.754     9821.531
    1333.326        8.700      302.754     9821.531
    1334.352        8.900      302.754     9821.531
    1335.364       60.600      302.754     9821.531
    1336.397        8.700      302.754     9821.531
    1337.420       10.700      302.754     9821.531
    1338.453        8.800      302.754     9821.531
    1339.470        7.800      302.754     9821.531
    1340.492       12.800      302.754     9821.531
    1341.508        7.800      302.754     9821.531
    1342.535        8.800      302.754     9821.531
    1343.550        8.800      302.754     9821.531
    1344.576        6.900      302.754     9821.531
    1345.593        8.900      302.754     9821.531
    1346.606       60.500      303.281     9821.531
    1347.628        9.900      307.594     9821.531
    1348.638        9.900      311.203     9821.531
    1349.654        8.900      311.203     9821.531
    1350.671        8.800      311.203     9821.531
    1351.690       10.800      311.203     9821.531
    1352.711        8.800      311.203     9821.531
    1353.739        7.900      311.203     9821.531
    1354.753        7.900      311.203     9821.531
    1355.772        7.900      311.203     9821.531
    1356.790        8.900      311.203     9821.531
    1357.804       68.600      311.203     9821.531
    1358.829        7.900      311.203     9821.531
    1359.844        8.800      311.203     9821.531
    1360.869        8.800      311.203     9821.531
    1361.885        8.900      311.203     9821.531
    1362.899       10.700      311.203     9821.531
    1363.923        9.800      311.203     9821.531
    1364.944        8.800      311.203     9821.531
    1365.964        9.800      311.203     9821.531
    1366.985        7.800      311.203     9821.531
    1368.006        8.700      311.203     9821.531
    1369.035       61.900      311.203     9821.531
    1370.053        6.900      311.203     9821.531
    1371.075        8.800      311.203     9821.531
    1372.095        7.800      311.203     9821.531
    1373.118        8.800      311.203     9821.531
    1374.144        7.800      311.203     9821.531
    1375.164       10.700      311.203     9821.531
    1376.189        7.800      311.203     9821.531
    1377.214        8.800      311.203     9821.531
    1378.232        8.900      311.203     9821.531
    1379.258        9.700      311.418     9821.531
    1380.276        7.800      311.418     9821.531
    1381.303       64.600      311.418     9821.531
    1382.330        8.800      311.418     9821.531
    1383.349        8.900      311.418     9821.531
    1384.373        8.700      311.418     9821.531
    1385.393        8.800      311.418     9821.531
    1386.411        9.800      311.418     9821.531
    1387.431       11.700      311.418     9821.531
    1388.457        8.800      311.418     9821.531
    1389.476        9.900      311.418     9821.531
    1390.491        7.800      311.418     9821.531
    1391.512        8.800      311.418     9821.531
    1392.539        8.800      311.418     9821.531
    1393.558       51.200      311.418     9821.531
    1394.579        8.700      311.418     9821.531
    1395.611       10.700      311.418     9821.531
    1396.634        7.800      311.418     9821.531
    1397.662        7.900      311.418     9821.531
    1398.689       10.600      311.418     9821.531
    1399.715        6.900      311.418     9821.531
    1400.732        8.900      311.418     9821.531
    1401.745        7.800      311.418     9821.531
    1402.776        8.800      311.418     9821.531
    1403.790        6.800      311.418     9821.531
    1404.818       65.600      311.699     9821.531
    1405.840        8.900      311.699     9821.531
    1406.851        8.800      318.617     9821.531
    1407.874        7.800      319.648     9821.531
    1408.893        9.800      319.648     9821.531
    1409.910        8.900      319.648     9821.531
    1410.925       11.800      319.648     9821.531
    1411.943        8.800      319.648     9821.531
    1412.977        8.800      319.648     9821.531
    1413.994        7.800      319.648     9821.531
    1415.017        7.800      319.648     9821.531
    1416.036       15.800      341.094     9851.797
    1417.051       57.900      319.652     9821.531
    1418.071        7.800      319.652     9821.531
    1419.094        8.900      319.652     9821.531
    1420.109        7.800      319.652     9821.531
    1421.138        8.800      319.652     9821.531
    1422.161        7.800      319.652     9821.531
    1423.188        9.800      319.652     9821.531
    1424.209        7.900      319.652     9821.531
    1425.223        7.800      319.652     9821.531
    1426.244        8.800      319.652     9821.531
    1427.266        6.900      319.652     9821.531
    1428.286        8.800      319.652     9821.531
    1429.307        6.900      319.652     9821.531
    1430.323       66.800      319.652     9821.531
    1431.341        8.800      319.652     9821.531
    1432.366        8.800      319.652     9821.531
    1433.389        8.700      319.652     9821.531
    1434.418        7.900      319.652     9821.531
    1435.437        7.800      319.652     9821.531
    1436.458       10.800      319.652     9821.531
    1437.477        9.800      319.652     9821.531
    1438.496        7.900      319.652     9821.531
    1439.513        6.800      319.652     9821.531
    1440.537        7.900      319.652     9821.531
    1441.554        8.800      319.652     9821.531
    1442.574       12.700      319.652     9821.531
    1443.595       40.900      319.652     9821.531
    1444.624        7.800      319.652     9821.531
    1445.649        7.800      319.652     9821.531
    1446.668        9.800      319.652     9821.531
    1447.689        7.800      319.652     9821.531
    1448.723        7.800      319.652     9821.531
    1449.744       16.700      319.652     9821.531
    1450.765        7.800      319.652     9821.531
    1451.790        6.900      319.652     9821.531
    1452.806        8.800      319.652     9821.531
    1453.827        7.900      319.652     9821.531
    1454.843        7.900      319.652     9821.531
    1455.864       65.300      319.676     9821.531
    1456.882        7.900      322.949     9821.531
    1457.896        7.900      323.723     9821.531
    1458.912        9.800      323.723     9821.531
    1459.930        7.800      323.723     9821.531
    1460.952        6.900      323.723     9821.531
    1461.973       10.700      323.723     9821.531
    1463.000        9.900      323.723     9821.531
    1464.013        7.800      323.723     9821.531
    1465.031        7.900      323.723     9821.531
    1466.049        8.900      323.723     9821.531
    1467.067        7.800      323.723     9821.531
    1468.092       64.900      323.723     9821.531
    1469.109        8.800      323.723     9821.531
    1470.126        8.900      323.723     9821.531
    1471.141        8.900      323.723     9821.531
    1472.156        7.800      323.723     9821.531
    1473.175        7.800      323.723     9821.531
    1474.205        7.800      323.723     9821.531
    1475.224        9.800      323.723     9821.531
    1476.252        9.800      323.723     9821.531
    1477.270        7.800      323.723     9821.531
    1478.292        8.800      323.723     9821.531
    1479.316        8.800      323.723     9821.531
    1480.336        7.900      323.723     9821.531
    1481.356       68.900      323.723     9821.531
    1482.371        7.800      323.723     9821.531
    1483.401        7.800      323.723     9821.531
    1484.426        7.800      323.723     9821.531
    1485.448        7.900      323.723     9821.531
    1486.464        7.800      323.723     9821.531
    1487.495       11.700      323.723     9821.531
    1488.510        8.900      323.723     9821.531
    1489.523        7.800      323.723     9821.531
    1490.545        8.800      323.723     9821.531
    1491.562        9.800      323.723     9821.531
    1492.586        6.900      323.723     9821.531
    1493.608        7.800      323.723     9821.531
    1494.626       47.900      323.723     9821.531
    1495.651       10.800      323.723     9821.531
    1496.672        9.800      323.723     9821.531
    1497.697        7.800      323.723     9821.531
    1498.720        8.800      323.723     9821.531
    1499.740        7.900      323.723     9821.531
