# Elapsed time   CPU (%)     Real (MB)   Virtual (MB)
       0.000        0.000       29.641     8597.742
       1.030      238.600      115.062     9003.656
       2.050      242.000      140.781     9526.719
       3.075      224.200      162.633     9599.719
       4.105      224.800      210.363     9599.719
       5.138      242.200      254.234     9604.719
       6.171      197.100      298.676     9612.719
       7.194      239.400      186.578     9874.797
       8.215      153.700      199.438     9874.797
       9.235       53.900      201.359     9874.797
      10.257       43.200      204.105     9874.797
      11.279       28.300      206.355     9874.797
      12.301       27.300      208.301     9874.797
      13.329       39.900      210.914     9874.797
      14.356       26.400      212.895     9874.797
      15.379       91.100      211.293     9870.797
      16.402       29.100      213.816     9870.797
      17.433       44.000      215.477     9869.797
      18.460       46.800      224.926     9869.797
      19.479       59.700      224.789     9868.797
      20.501       41.100      225.078     9868.797
      21.522       25.500      225.145     9868.797
      22.542       21.700      226.430     9868.797
      23.557       41.200      227.590     9868.797
      24.577       48.200      227.797     9868.797
      25.594       37.100      228.102     9867.797
      26.617       19.500      228.102     9867.797
      27.645       35.100      228.102     9867.797
      28.671       34.000      228.188     9867.797
      29.701       20.600      228.188     9867.797
      30.720       30.300      228.188     9867.797
      31.745       22.500      229.004     9867.797
      32.766       16.700      229.094     9867.797
      33.786       24.500      229.160     9867.797
      34.804       41.300      229.203     9867.797
      35.821       40.300      229.203     9867.797
      36.840       27.200      229.281     9867.797
      37.868       14.700      229.281     9867.797
      38.885       16.700      229.281     9867.797
      39.902       19.700      229.281     9867.797
      40.918       28.500      229.281     9867.797
      41.935       12.800      229.281     9867.797
      42.951       24.500      229.281     9867.797
      43.972       36.300      229.281     9867.797
      44.989       47.000      229.410     9867.797
      46.009       13.700      229.410     9867.797
      47.031       14.600      229.410     9867.797
      48.059       59.400      227.617     9865.797
      49.085       31.400      226.734     9864.797
      50.103       25.400      225.746     9863.797
      51.128       25.400      225.746     9863.797
      52.155       56.900      226.672     9864.797
      53.169       27.500      224.910     9862.797
      54.188       26.400      224.914     9862.797
      55.211       28.500      224.914     9862.797
      56.228       22.500      224.914     9862.797
      57.248       21.500      224.914     9862.797
      58.271        9.800      224.914     9862.797
      59.288       25.300      226.039     9863.797
      60.316       16.700      224.047     9861.797
      61.339       10.700      224.047     9861.797
      62.361       16.700      224.047     9861.797
      63.378       36.000      224.074     9861.797
      64.410       13.700      224.074     9861.797
      65.427       10.700      223.102     9860.797
      66.461       29.200      222.102     9859.797
      67.488       10.600      222.102     9859.797
      68.522       25.500      223.234     9865.797
      69.540       54.100      230.992     9869.797
      70.557        5.900      230.992     9869.797
      71.582        8.800      230.992     9869.797
      72.605        7.900      230.992     9869.797
      73.623        9.800      190.848     9822.531
      74.647       26.400      226.484     9865.797
      75.668       24.400      226.758     9865.797
      76.695       17.700      227.273     9865.797
      77.712       10.800      227.273     9865.797
      78.733       17.600      210.473     9850.797
      79.756       48.100      235.414     9873.797
      80.775        8.800      190.930     9822.531
      81.802       61.600      235.453     9873.797
      82.825       14.600      235.453     9873.797
      83.848       19.500      235.453     9873.797
      84.876        8.800      235.453     9873.797
      85.894       11.800      235.453     9873.797
      86.916       18.600      235.453     9873.797
      87.931       10.800      235.453     9873.797
      88.945        8.800      235.453     9873.797
      89.971        7.800      191.027     9822.531
      90.995       19.700      221.055     9860.797
      92.012        8.900      203.516     9844.797
      93.035       23.400      223.934     9864.797
      94.053        7.900      223.934     9864.797
      95.071       12.700      207.738     9848.797
      96.098        7.900      209.285     9850.797
      97.115        6.800      191.066     9822.531
      98.139        8.900      201.734     9841.797
      99.155        8.800      201.734     9841.797
     100.174       17.700      211.645     9852.797
     101.188        8.900      212.695     9854.797
     102.203        6.800      214.406     9857.797
     103.227       23.700      225.969     9866.797
     104.243      102.600      236.855     9875.797
     105.262       20.400      235.492     9873.797
     106.286        8.800      235.492     9873.797
     107.307        7.900      235.492     9873.797
     108.321       13.700      235.492     9873.797
     109.343       12.800      235.504     9873.797
     110.357       12.700      210.539     9850.797
     111.385        6.900      191.250     9822.531
     112.400        7.800      191.250     9822.531
     113.426        8.700      203.930     9843.797
     114.452        5.900      203.930     9843.797
     115.474       17.600      217.574     9857.797
     116.493       11.800      227.309     9866.797
     117.506        5.900      191.270     9822.531
     118.525       23.300      226.906     9865.797
     119.555        6.900      191.281     9822.531
     120.582        5.900      191.281     9822.531
     121.601        9.800      191.281     9822.531
     122.621       50.100      238.082     9875.797
     123.640        5.900      191.453     9822.531
     124.664       13.700      211.070     9852.797
     125.688        8.800      213.410     9855.797
     126.707        8.900      203.832     9843.797
     127.719       39.100      229.242     9867.797
     128.742       24.600      229.242     9867.797
     129.759        4.900      191.516     9822.531
     130.777        7.800      191.516     9822.531
     131.802       17.700      217.148     9857.797
     132.821       17.700      225.320     9865.797
     133.837       13.700      226.352     9865.797
     134.854        6.900      191.543     9822.531
     135.874        7.800      191.543     9822.531
     136.894        7.800      191.543     9822.531
     137.917       18.500      217.898     9856.797
     138.947        5.800      191.559     9822.531
     139.973        7.800      191.559     9822.531
     140.994        5.900      191.559     9822.531
     142.016        8.900      202.332     9841.797
     143.028        8.800      191.559     9822.531
     144.052        7.900      191.566     9822.531
     145.069        7.900      191.574     9822.531
     146.091        4.900      191.574     9822.531
     147.111        7.800      191.574     9822.531
     148.135       16.700      215.949     9855.797
     149.152        5.900      191.578     9822.531
     150.167       22.600      227.223     9865.797
     151.187        9.700      204.637     9843.797
     152.214       31.200      234.445     9872.797
     153.239       10.900      234.695     9872.797
     154.253       27.400      227.246     9865.797
     155.277        8.900      227.246     9865.797
     156.291        8.800      204.578     9843.797
     157.311        5.900      204.922     9844.797
     158.329        5.900      204.922     9844.797
     159.344        7.900      205.238     9845.797
     160.359        6.900      191.652     9822.531
     161.375        5.900      191.652     9822.531
     162.398        8.800      191.652     9822.531
     163.419        7.800      191.652     9822.531
     164.443        6.800      191.652     9822.531
     165.472        7.800      191.652     9822.531
     166.496       44.800      236.133     9873.797
     167.521        7.800      191.676     9822.531
     168.549        5.900      191.676     9822.531
     169.580        8.800      206.840     9845.797
     170.602        6.800      191.680     9822.531
     171.630       12.600      210.469     9849.797
     172.666        7.800      203.898     9843.797
     173.692       10.800      205.387     9844.797
     174.708        7.800      205.730     9845.797
     175.735       15.700      223.477     9864.797
     176.751        7.800      223.477     9864.797
     177.773       17.700      227.242     9865.797
     178.793       43.800      230.605     9867.797
     179.820        6.900      230.605     9867.797
     180.833        9.800      204.660     9843.797
     181.853       37.400      229.078     9866.797
     182.870        6.900      229.078     9866.797
     183.889        6.900      192.355     9822.531
     184.906        6.900      192.355     9822.531
     185.927       14.800      215.555     9853.797
     186.945        7.800      192.359     9822.531
     187.964        5.900      192.359     9822.531
     188.988       25.200      227.980     9865.797
     190.016        9.800      192.633     9822.531
     191.039        4.900      192.633     9822.531
     192.058        7.800      192.633     9822.531
     193.083        5.900      192.633     9822.531
     194.097        7.900      192.633     9822.531
     195.113       10.800      209.227     9847.797
     196.129        9.800      192.633     9822.531
     197.155        6.900      192.633     9822.531
     198.174        6.800      192.633     9822.531
     199.204        6.900      192.633     9822.531
     200.224       17.600      219.578     9857.797
     201.247        5.900      192.641     9822.531
     202.272        6.900      192.641     9822.531
     203.285        7.800      204.641     9842.797
     204.307        9.900      206.480     9845.797
     205.320        9.800      214.258     9854.797
     206.341       27.500      228.996     9866.797
     207.362        7.800      192.941     9822.531
     208.383        5.800      192.941     9822.531
     209.413       23.600      226.871     9864.797
     210.430       13.700      227.141     9864.797
     211.451        6.900      227.141     9864.797
     212.471        6.800      192.965     9822.531
     213.496       33.300      232.898     9869.797
     214.517        7.900      193.242     9822.531
     215.534        7.800      193.242     9822.531
     216.553        9.700      206.793     9844.797
     217.583       20.500      228.570     9865.797
     218.607        6.900      193.258     9822.531
     219.624        5.900      193.258     9822.531
     220.647        6.900      193.258     9822.531
     221.667        7.800      193.770     9822.531
     222.694        6.800      193.770     9822.531
     223.709        4.900      193.770     9822.531
     224.732        5.900      193.770     9822.531
     225.760        5.800      193.770     9822.531
     226.787        5.800      193.770     9822.531
     227.812        4.900      193.770     9822.531
     228.828        6.900      193.770     9822.531
     229.846        6.900      194.285     9822.531
     230.860        7.800      194.285     9822.531
     231.885        7.800      194.285     9822.531
     232.907        4.900      194.285     9822.531
     233.932       32.300      233.211     9868.797
     234.955       10.800      194.301     9822.531
     235.972        7.800      194.301     9822.531
     236.990        5.800      194.301     9822.531
     238.019        6.900      194.559     9822.531
     239.039        4.900      194.559     9822.531
     240.065        5.900      194.559     9822.531
     241.084        6.900      194.559     9822.531
     242.100        5.800      194.559     9822.531
     243.127        6.900      194.559     9822.531
     244.147        8.800      207.078     9843.797
     245.166        5.900      194.559     9822.531
     246.184        5.800      194.559     9822.531
     247.211       10.800      208.375     9844.797
     248.227        6.900      194.559     9822.531
     249.248        3.900      194.559     9822.531
     250.262        7.900      206.574     9842.797
     251.285        6.800      194.559     9822.531
     252.309        7.800      205.227     9841.797
     253.331        6.900      194.559     9822.531
     254.349        6.800      194.559     9822.531
     255.373        8.800      194.816     9822.531
     256.390        6.800      194.816     9822.531
     257.416        6.900      194.816     9822.531
     258.430        4.900      194.816     9822.531
     259.442        5.900      194.816     9822.531
     260.465        7.800      194.816     9822.531
     261.488        3.900      194.816     9822.531
     262.509        8.800      195.332     9822.531
     263.536        6.900      195.332     9822.531
     264.555        6.900      195.332     9822.531
     265.568        5.900      195.332     9822.531
     266.585        8.900      195.332     9822.531
     267.603       31.200      230.719     9865.797
     268.628        6.900      195.363     9822.531
     269.642        6.900      195.363     9822.531
     270.655        6.900      195.660     9822.531
     271.675        6.800      195.660     9822.531
     272.698        6.800      195.660     9822.531
     273.723        5.900      195.660     9822.531
     274.741        7.900      195.660     9822.531
     275.755        6.800      195.660     9822.531
     276.784       10.700      195.660     9822.531
     277.813        5.900      195.660     9822.531
     278.830        7.900      208.414     9843.797
     279.843        6.800      195.664     9822.531
     280.869       10.700      212.523     9847.797
     281.896        6.900      195.664     9822.531
     282.915        5.900      195.664     9822.531
     283.935        6.900      195.664     9822.531
     284.950        3.900      195.664     9822.531
     285.964        6.900      195.664     9822.531
     286.982        6.800      195.664     9822.531
     288.014        6.800      195.664     9822.531
     289.037        5.900      195.664     9822.531
     290.060        5.900      195.664     9822.531
     291.085       10.800      208.156     9844.797
     292.104        3.900      195.668     9822.531
     293.123        7.800      195.668     9822.531
     294.146       15.700      221.098     9856.797
     295.162        6.900      222.895     9858.797
     296.180        6.900      195.676     9822.531
     297.197        8.800      195.676     9822.531
     298.221        5.900      195.676     9822.531
     299.248        4.900      195.676     9822.531
     300.270        7.800      195.676     9822.531
     301.294        6.900      195.676     9822.531
     302.309        3.900      195.676     9822.531
     303.335        8.900      195.676     9822.531
     304.354        6.800      195.676     9822.531
     305.376        5.900      195.676     9822.531
     306.400        9.800      209.305     9845.797
     307.423        6.900      195.676     9822.531
     308.439       15.700      220.027     9856.797
     309.459       16.800      227.809     9863.797
     310.474        5.800      227.809     9863.797
     311.503       12.800      228.840     9863.797
     312.521       12.700      217.172     9852.797
     313.541        5.900      195.715     9822.531
     314.565        3.900      195.715     9822.531
     315.595       17.400      216.336     9852.797
     316.614        4.900      195.719     9822.531
     317.631        5.800      195.719     9822.531
     318.662       15.700      220.105     9855.797
     319.683       22.500      231.234     9865.797
     320.704       29.500      233.027     9866.797
     321.721       32.400      234.086     9867.797
     322.741       15.800      234.086     9867.797
     323.757        6.900      234.086     9867.797
     324.775        4.900      234.086     9867.797
     325.796        9.800      234.086     9867.797
     326.813        7.900      195.836     9822.531
     327.830       23.500      226.793     9864.797
     328.852        8.900      227.355     9864.797
     329.864        4.900      227.355     9864.797
     330.881        5.800      227.355     9864.797
     331.905        5.900      227.355     9864.797
     332.921        5.900      227.355     9864.797
     333.939        4.900      227.355     9864.797
     334.959       24.500      229.711     9864.797
     335.979        7.900      196.188     9822.531
     336.996        5.800      196.188     9822.531
     338.024        5.900      196.188     9822.531
     339.040        5.900      196.188     9822.531
     340.056        5.900      196.188     9822.531
     341.070       19.700      225.066     9859.797
     342.089        6.800      226.215     9860.797
     343.111        7.800      196.195     9822.531
     344.137        5.900      196.195     9822.531
     345.158        3.900      196.195     9822.531
     346.174        6.900      196.195     9822.531
     347.194        4.900      196.195     9822.531
     348.213        6.900      196.195     9822.531
     349.230        7.900      196.195     9822.531
     350.251        5.900      196.195     9822.531
     351.270        6.800      196.195     9822.531
     352.294        5.900      196.195     9822.531
     353.309        3.900      196.195     9822.531
     354.326        5.900      196.195     9822.531
     355.345        6.800      196.195     9822.531
     356.369        5.900      196.195     9822.531
     357.387        7.800      196.195     9822.531
     358.408        6.900      196.195     9822.531
     359.427        6.900      196.195     9822.531
     360.447        5.900      196.195     9822.531
     361.469        9.700      208.410     9843.797
     362.495        5.900      208.410     9843.797
     363.514        6.900      208.410     9843.797
     364.532       10.800      215.582     9850.797
     365.554       14.600      216.520     9850.797
     366.584        4.900      217.160     9851.797
     367.607       19.500      222.777     9857.797
     368.636       11.800      230.324     9865.797
     369.654        8.800      230.324     9865.797
     370.671       23.600      230.246     9865.797
     371.687        7.900      196.246     9822.531
     372.703        5.800      196.246     9822.531
     373.731        6.900      196.246     9822.531
     374.749       44.000      232.262     9865.797
     375.772        6.800      196.293     9822.531
     376.798        5.900      196.293     9822.531
     377.821        5.800      196.293     9822.531
     378.847        6.900      196.293     9822.531
     379.862        4.900      196.293     9822.531
     380.886        6.800      196.293     9822.531
     381.907       28.300      232.305     9865.797
     382.931        6.800      196.316     9822.531
     383.956        5.900      196.316     9822.531
     384.968        5.900      196.316     9822.531
     385.983        7.900      196.316     9822.531
     387.000        5.900      196.316     9822.531
     388.023       39.300      240.859     9873.797
     389.042        7.900      196.324     9822.531
     390.059        7.800      209.004     9843.797
     391.087        4.900      196.324     9822.531
     392.101       10.700      210.164     9845.797
     393.126        4.900      196.324     9822.531
     394.142        7.900      196.324     9822.531
     395.160        4.900      196.324     9822.531
     396.187        6.900      196.324     9822.531
     397.209        5.900      196.324     9822.531
     398.228        6.800      196.324     9822.531
     399.248        5.800      196.324     9822.531
     400.277        5.900      196.324     9822.531
     401.298        5.900      196.324     9822.531
     402.322        8.900      196.324     9822.531
     403.341        4.900      196.324     9822.531
     404.365        5.800      196.324     9822.531
     405.393        5.900      196.324     9822.531
     406.413        5.900      196.324     9822.531
     407.429        6.900      196.324     9822.531
     408.451        6.900      196.324     9822.531
     409.471        5.900      196.324     9822.531
     410.496        7.900      196.324     9822.531
     411.512        5.900      196.324     9822.531
     412.531        4.900      196.324     9822.531
     413.553        6.900      196.324     9822.531
     414.573       11.700      215.629     9851.797
     415.595        6.900      196.328     9822.531
     416.611        6.800      196.328     9822.531
     417.638        7.800      196.328     9822.531
     418.658        4.900      196.328     9822.531
     419.683        7.800      196.328     9822.531
     420.707       28.300      233.660     9867.797
     421.732        6.800      196.348     9822.531
     422.754        6.900      196.348     9822.531
     423.772        7.900      196.348     9822.531
     424.791        5.900      196.348     9822.531
     425.808        6.900      196.348     9822.531
     426.828        4.900      196.348     9822.531
     427.855       20.700      229.176     9863.797
     428.871        7.900      196.371     9822.531
     429.887        4.900      196.371     9822.531
     430.901        4.900      196.371     9822.531
     431.927        8.800      196.371     9822.531
     432.947        5.900      196.371     9822.531
     433.962       38.100      232.488     9865.797
     434.985        5.900      196.406     9822.531
     436.002        4.900      196.406     9822.531
     437.025        5.900      196.406     9822.531
     438.044        5.900      196.406     9822.531
     439.063        6.800      196.406     9822.531
     440.091        6.900      196.406     9822.531
     441.107       22.400      230.445     9864.797
     442.135        5.900      196.422     9822.531
     443.150        5.900      196.422     9822.531
     444.169        4.900      196.422     9822.531
     445.186        8.800      196.422     9822.531
     446.211        5.800      196.422     9822.531
     447.237        4.900      196.422     9822.531
     448.262        5.900      196.422     9822.531
     449.281        3.900      196.422     9822.531
     450.295        6.900      207.090     9841.797
     451.312        7.800      196.422     9822.531
     452.337        5.900      196.422     9822.531
     453.359        5.900      196.422     9822.531
     454.381        4.900      196.422     9822.531
     455.406        7.800      196.422     9822.531
     456.424        5.800      196.422     9822.531
     457.456        5.900      196.422     9822.531
     458.473        5.800      196.422     9822.531
     459.501        6.900      196.422     9822.531
     460.515        5.800      196.422     9822.531
     461.542       10.800      215.988     9850.797
     462.562        5.900      196.426     9822.531
     463.586        7.900      196.426     9822.531
     464.599        7.800      196.684     9822.531
     465.624        5.900      196.684     9822.531
     466.646        5.900      196.684     9822.531
     467.671        4.900      196.684     9822.531
     468.707        4.800      196.684     9822.531
     469.725        6.800      196.684     9822.531
     470.750        6.900      196.684     9822.531
     471.765        5.900      196.684     9822.531
     472.781       12.700      218.000     9852.797
     473.806       11.700      225.613     9859.797
     474.829        6.900      196.691     9822.531
     475.849        6.900      196.691     9822.531
     476.861        5.900      196.691     9822.531
     477.879        5.900      196.691     9822.531
     478.904        6.900      205.141     9841.797
     479.926       23.500      232.973     9865.797
     480.943        8.800      210.262     9844.797
     481.970        9.900      210.320     9844.797
     482.987        6.900      196.707     9822.531
     484.007        6.900      196.707     9822.531
     485.023        5.900      196.707     9822.531
     486.046       47.300      243.621     9875.797
     487.060        6.800      197.152     9822.531
     488.086        6.800      197.152     9822.531
     489.113       12.800      216.848     9850.797
     490.132        7.900      197.156     9822.531
     491.149       19.600      232.543     9865.797
     492.171        5.900      197.160     9822.531
     493.192        6.900      197.160     9822.531
     494.210        5.900      197.160     9822.531
     495.232        4.900      197.160     9822.531
     496.259        7.800      197.160     9822.531
     497.280        5.900      197.160     9822.531
     498.299        4.900      197.160     9822.531
     499.324        5.800      197.160     9822.531
     500.350        5.900      197.160     9822.531
     501.377       24.400      233.160     9865.797
     502.398        6.800      197.168     9822.531
     503.424        5.800      197.168     9822.531
     504.454        7.800      197.168     9822.531
     505.476        6.800      197.168     9822.531
     506.503        4.900      197.168     9822.531
     507.521        5.800      197.168     9822.531
     508.549        6.800      197.168     9822.531
     509.572        7.900      209.355     9842.797
     510.591        4.900      197.172     9822.531
     511.607        3.900      197.172     9822.531
     512.629        5.900      197.172     9822.531
     513.645        7.800      210.273     9843.797
     514.666        7.800      197.172     9822.531
     515.688        8.800      197.172     9822.531
     516.706        5.900      197.172     9822.531
     517.726        5.900      197.172     9822.531
     518.743        6.800      197.172     9822.531
     519.765        6.900      197.172     9822.531
     520.779        6.800      197.172     9822.531
     521.799        5.900      197.172     9822.531
     522.813        4.900      197.172     9822.531
     523.827        6.800      197.172     9822.531
     524.853        5.900      197.172     9822.531
     525.878        6.800      197.172     9822.531
     526.906        4.900      197.172     9822.531
     527.921        6.800      197.172     9822.531
     528.942        7.800      197.172     9822.531
     529.965        5.900      197.172     9822.531
     530.983        5.900      197.172     9822.531
     532.007        5.800      197.172     9822.531
     533.035        5.900      197.172     9822.531
     534.056        5.800      197.172     9822.531
     535.082        6.900      197.172     9822.531
     536.104        5.800      197.172     9822.531
     537.132       39.200      236.066     9869.797
     538.153        4.900      197.199     9822.531
     539.175        7.900      209.156     9842.797
     540.189        5.900      197.199     9822.531
     541.213       26.400      209.629     9842.797
     542.232        5.900      198.492     9822.531
     543.249        3.900      198.492     9822.531
     544.267        6.900      198.492     9822.531
     545.282        5.900      198.492     9822.531
     546.299        6.800      198.492     9822.531
     547.323        6.900      198.492     9822.531
     548.344        5.800      198.492     9822.531
     549.363        6.800      198.492     9822.531
     550.388        5.900      198.492     9822.531
     551.408        7.800      198.492     9822.531
     552.427        5.800      198.492     9822.531
     553.454       21.700      198.492     9822.531
     554.471        5.900      198.492     9822.531
     555.488        4.900      198.492     9822.531
     556.512        5.900      198.492     9822.531
     557.530        4.900      198.492     9822.531
     558.561        8.800      198.492     9822.531
     559.582        5.900      198.492     9822.531
     560.602        4.900      198.492     9822.531
     561.619        7.900      198.492     9822.531
     562.640        4.900      198.492     9822.531
     563.657       19.700      198.492     9822.531
     564.674        6.900      198.492     9822.531
     565.695        4.900      198.492     9822.531
     566.717        4.900      198.492     9822.531
     567.732        5.800      198.492     9822.531
     568.757        4.900      198.492     9822.531
     569.773        5.900      198.891     9822.531
     570.791        4.900      202.012     9822.531
     571.805        7.900      206.137     9822.531
     572.821        6.900      206.652     9822.531
     573.839        3.900      206.910     9822.531
     574.861        5.900      211.035     9822.531
     575.880        5.800      213.871     9822.531
     576.907        5.900      218.246     9822.531
     577.929        9.700      237.418     9846.797
     578.955        5.900      225.477     9822.531
     579.974        4.900      229.344     9822.531
     580.993        6.900      233.203     9822.531
     582.006        6.900      236.812     9822.531
     583.029        6.900      240.938     9822.531
     584.049        5.900      245.062     9822.531
     585.073        8.800      249.188     9822.531
     586.094        7.900      252.789     9822.531
     587.111        5.900      256.656     9822.531
     588.126        6.900      260.266     9822.531
     589.146        4.900      264.391     9822.531
     590.166        5.900      268.516     9822.531
     591.181       75.700      349.473     9907.797
     592.201       17.500      324.570     9877.797
     593.227        5.900      280.164     9822.531
     594.250        6.900      284.805     9822.531
     595.267        5.900      288.672     9822.531
     596.283        6.900      292.531     9822.531
     597.300        5.900      296.398     9822.531
     598.313        5.900      300.266     9822.531
     599.328        5.900      303.359     9822.531
     600.352        4.900      307.742     9822.531
     601.366        5.900      312.375     9822.531
     602.385        7.800      317.789     9822.531
     603.406        5.900      317.789     9822.531
     604.429        7.800      317.789     9822.531
     605.453        6.900      317.789     9822.531
     606.469        5.900      317.789     9822.531
     607.486        4.900      317.789     9822.531
     608.504        5.900      317.789     9822.531
     609.517        5.900      317.789     9822.531
     610.539        5.900      317.789     9822.531
     611.550        4.900      317.789     9822.531
     612.565        5.900      317.789     9822.531
     613.589        5.900      317.789     9822.531
     614.610        5.900      317.789     9822.531
     615.629        5.800      317.789     9822.531
     616.662        5.900      317.789     9822.531
     617.681        5.800      317.789     9822.531
     618.710        7.800      317.789     9822.531
     619.733        5.900      317.789     9822.531
     620.751        5.900      317.789     9822.531
     621.777        5.900      317.789     9822.531
     622.797        6.800      317.789     9822.531
     623.818        4.900      317.789     9822.531
     624.839        6.800      317.789     9822.531
     625.862        5.900      317.789     9822.531
     626.879        5.900      317.789     9822.531
     627.902        5.900      318.023     9822.531
     628.924        6.800      318.023     9822.531
     629.954        6.900      318.023     9822.531
     630.967        8.700      321.891     9822.531
     632.003        6.900      321.891     9822.531
     633.019        6.900      321.891     9822.531
     634.043        6.800      321.891     9822.531
     635.063        4.900      321.891     9822.531
     636.089        5.900      321.891     9822.531
     637.110        7.800      321.891     9822.531
     638.129        5.900      321.891     9822.531
     639.154        6.800      321.891     9822.531
     640.180        5.900      321.891     9822.531
     641.200        4.900      321.891     9822.531
     642.219        5.900      321.891     9822.531
     643.235        3.900      321.891     9822.531
     644.252        7.900      321.891     9822.531
     645.270        6.900      321.891     9822.531
     646.291        8.700      336.523     9845.797
     647.315        7.900      321.895     9822.531
     648.333        3.900      321.895     9822.531
     649.361        4.900      321.895     9822.531
     650.377        5.900      321.895     9822.531
     651.397        4.900      321.895     9822.531
     652.413        4.900      321.895     9822.531
     653.435        6.900      321.895     9822.531
     654.452        6.900      321.895     9822.531
     655.469        5.900      321.895     9822.531
     656.485        4.900      321.895     9822.531
     657.507        6.900      321.895     9822.531
     658.528        4.900      321.895     9822.531
     659.545        9.800      321.895     9822.531
     660.568        5.900      321.895     9822.531
     661.587        8.800      321.895     9822.531
     662.609        3.900      321.895     9822.531
     663.633        5.800      321.895     9822.531
     664.660        5.900      321.895     9822.531
     665.680        6.800      321.895     9822.531
     666.702        4.900      321.895     9822.531
     667.731        6.900      321.895     9822.531
     668.747        5.900      321.895     9822.531
     669.767        5.800      321.895     9822.531
     670.794        4.900      321.895     9822.531
     671.813        4.900      321.895     9822.531
     672.835        6.900      321.895     9822.531
     673.852        5.800      321.895     9822.531
     674.882        5.800      321.895     9822.531
     675.908        4.900      321.895     9822.531
     676.929        6.800      321.895     9822.531
     677.951        3.900      321.895     9822.531
     678.972        5.900      321.895     9822.531
     679.994       12.700      342.926     9852.797
     681.017        4.900      321.898     9822.531
     682.041        5.900      321.898     9822.531
     683.061        7.800      321.898     9822.531
     684.085        5.900      321.898     9822.531
     685.103        5.900      321.898     9822.531
     686.131        6.900      321.898     9822.531
     687.149        5.900      321.898     9822.531
     688.163        9.900      323.961     9822.531
     689.177        6.900      323.961     9822.531
     690.194       22.600      360.367     9866.797
     691.211        5.900      323.984     9822.531
     692.231        6.900      323.984     9822.531
     693.247        6.900      323.984     9822.531
     694.260        7.900      323.984     9822.531
     695.273        4.900      323.984     9822.531
     696.297        6.900      323.984     9822.531
     697.317        7.800      323.984     9822.531
     698.337        5.900      323.984     9822.531
     699.353        7.800      323.984     9822.531
     700.376        6.900      323.984     9822.531
     701.391        6.900      323.984     9822.531
     702.410        4.900      323.984     9822.531
     703.436       14.600      344.453     9851.797
     704.461        5.900      323.992     9822.531
     705.484        5.900      323.992     9822.531
     706.505        4.900      323.992     9822.531
     707.526        7.900      323.992     9822.531
     708.540        4.900      323.992     9822.531
     709.558        5.900      323.992     9822.531
     710.576        4.900      323.992     9822.531
     711.603        4.900      323.992     9822.531
     712.629        6.800      323.992     9822.531
     713.658        5.900      323.992     9822.531
     714.674       10.800      324.250     9822.531
     715.687        4.900      324.250     9822.531
     716.709        4.900      324.250     9822.531
     717.736        5.900      324.250     9822.531
     718.754        5.900      324.250     9822.531
     719.774        4.900      324.250     9822.531
     720.793        5.900      324.250     9822.531
     721.815        5.900      324.250     9822.531
     722.837        4.900      324.250     9822.531
     723.858        8.800      324.250     9822.531
     724.882        6.900      324.250     9822.531
     725.895        4.900      324.250     9822.531
     726.916        6.800      324.250     9822.531
     727.941        5.900      324.250     9822.531
     728.961        7.800      324.250     9822.531
     729.982        6.900      324.250     9822.531
     731.003        6.900      324.250     9822.531
     732.020        6.900      324.250     9822.531
     733.041        5.900      324.250     9822.531
     734.057        5.900      324.250     9822.531
     735.077        6.900      324.250     9822.531
     736.094        5.900      324.250     9822.531
     737.109        4.900      324.250     9822.531
     738.122        7.800      324.250     9822.531
     739.144        5.900      324.250     9822.531
     740.160        5.900      324.250     9822.531
     741.177        5.900      324.250     9822.531
     742.197        4.900      324.250     9822.531
     743.213       10.800      326.312     9822.531
     744.228        4.900      326.312     9822.531
     745.247        6.900      326.312     9822.531
     746.263        4.900      326.312     9822.531
     747.279        5.900      326.312     9822.531
     748.298        8.700      326.312     9822.531
     749.327        5.900      326.312     9822.531
     750.343        5.900      326.312     9822.531
     751.366        6.800      326.312     9822.531
     752.391        4.900      326.312     9822.531
     753.409        6.900      326.312     9822.531
     754.430        5.900      326.312     9822.531
     755.449        5.900      326.312     9822.531
     756.468        4.900      326.312     9822.531
     757.493        6.900      326.312     9822.531
     758.511        5.900      326.312     9822.531
     759.528        5.800      326.312     9822.531
     760.555        7.900      326.312     9822.531
     761.575        4.900      326.312     9822.531
     762.602        5.900      326.312     9822.531
     763.617        5.900      326.312     9822.531
     764.642        5.900      326.312     9822.531
     765.663        6.900      326.312     9822.531
     766.681        6.800      337.453     9841.797
     767.701        5.900      326.312     9822.531
     768.724        4.900      326.312     9822.531
     769.745        9.800      326.312     9822.531
     770.768        4.900      326.312     9822.531
     771.784        5.900      326.312     9822.531
     772.805        4.900      326.312     9822.531
     773.833        5.900      326.312     9822.531
     774.848        4.900      326.312     9822.531
     775.879        5.800      326.312     9822.531
     776.903        6.900      326.312     9822.531
     777.924        6.800      326.312     9822.531
     778.948        6.900      326.312     9822.531
     779.961        7.900      326.312     9822.531
     780.978        5.900      326.312     9822.531
     782.001        4.900      326.312     9822.531
     783.022        6.900      326.312     9822.531
     784.038        4.900      326.312     9822.531
     785.062        5.900      326.312     9822.531
     786.087        6.800      326.312     9822.531
     787.112        4.900      326.312     9822.531
     788.130        7.900      326.312     9822.531
     789.147        6.900      326.312     9822.531
     790.162        8.800      326.312     9822.531
     791.185        3.900      326.312     9822.531
     792.216        5.900      326.312     9822.531
     793.228        6.900      326.312     9822.531
     794.240        6.800      326.312     9822.531
     795.264        5.900      326.312     9822.531
     796.280        6.800      326.312     9822.531
     797.305        9.800      327.602     9822.531
     798.327        5.800      327.602     9822.531
     799.350        5.900      327.602     9822.531
     800.363        5.900      327.602     9822.531
     801.380        4.900      327.602     9822.531
     802.397        5.900      327.602     9822.531
     803.414        5.900      327.602     9822.531
     804.435        6.900      327.602     9822.531
     805.452        5.900      327.602     9822.531
     806.475        6.900      327.602     9822.531
     807.493        5.800      327.602     9822.531
     808.520        5.900      327.602     9822.531
     809.540        4.900      327.602     9822.531
     810.555        6.900      327.602     9822.531
     811.578        4.900      327.602     9822.531
     812.594        6.900      327.602     9822.531
     813.614        5.800      327.602     9822.531
     814.643        6.900      327.602     9822.531
     815.659        4.900      327.602     9822.531
     816.675        6.900      327.602     9822.531
     817.693        5.800      327.602     9822.531
     818.722        5.900      327.602     9822.531
     819.744        6.800      327.602     9822.531
     820.771        5.900      327.602     9822.531
     821.787        6.800      327.602     9822.531
     822.815        6.800      327.602     9822.531
     823.842        8.800      327.602     9822.531
     824.867        4.900      327.602     9822.531
     825.895        6.800      327.602     9822.531
     826.927        7.800      327.602     9822.531
     827.943        4.900      327.602     9822.531
     828.965        4.900      327.602     9822.531
     829.991        5.900      327.602     9822.531
     831.009        5.900      327.602     9822.531
     832.023        6.900      327.602     9822.531
     833.041        5.900      327.602     9822.531
     834.060        5.900      327.602     9822.531
     835.079        6.900      327.602     9822.531
     836.091        6.900      327.602     9822.531
     837.112        5.800      327.602     9822.531
     838.141        5.900      327.602     9822.531
     839.164        5.900      327.602     9822.531
     840.187        6.900      327.602     9822.531
     841.202        4.900      327.602     9822.531
     842.224        5.900      327.602     9822.531
     843.244        5.900      327.602     9822.531
     844.263        5.900      327.602     9822.531
     845.296        7.800      327.602     9822.531
     846.318        4.900      327.602     9822.531
     847.337        5.900      327.602     9822.531
     848.364        4.900      327.602     9822.531
     849.387        6.900      327.602     9822.531
     850.406       13.700      329.148     9822.531
     851.427        6.900      329.148     9822.531
     852.446        5.900      329.148     9822.531
     853.463        4.900      329.148     9822.531
     854.482        5.900      329.148     9822.531
     855.503        6.900      329.148     9822.531
     856.526        5.900      329.148     9822.531
     857.543        5.900      329.148     9822.531
     858.564        5.900      329.148     9822.531
     859.585        5.800      329.148     9822.531
     860.604        5.900      329.148     9822.531
     861.621        8.800      329.148     9822.531
     862.643        5.900      329.148     9822.531
     863.662        6.800      329.148     9822.531
     864.688        5.800      329.148     9822.531
     865.722        7.800      329.148     9822.531
     866.742        4.900      329.148     9822.531
     867.760        5.900      329.148     9822.531
     868.783        6.900      329.148     9822.531
     869.797        7.800      342.805     9844.797
     870.821        6.900      329.152     9822.531
     871.844        6.800      329.152     9822.531
     872.866        5.900      329.152     9822.531
     873.887        5.900      338.797     9841.797
     874.899       42.000      373.953     9874.797
     875.923        6.900      329.172     9822.531
     876.942       18.600      329.172     9822.531
     877.968        4.900      329.172     9822.531
     878.995       16.600      354.113     9855.797
     880.014        7.800      329.180     9822.531
     881.040        4.900      329.180     9822.531
     882.056        7.800      329.180     9822.531
     883.087        6.800      329.180     9822.531
     884.109        8.900      329.180     9822.531
     885.121        5.900      329.180     9822.531
     886.144        6.900      329.180     9822.531
     887.163        4.900      329.180     9822.531
     888.178        4.900      329.180     9822.531
     889.197        4.900      329.180     9822.531
     890.222        5.900      329.180     9822.531
     891.239        5.900      329.180     9822.531
     892.260        7.800      329.180     9822.531
     893.283        4.900      329.180     9822.531
     894.300        4.800      329.180     9822.531
     895.339        4.800      329.180     9822.531
     896.370        5.900      329.180     9822.531
     897.394        6.800      329.180     9822.531
     898.421        4.900      329.180     9822.531
     899.441        4.900      329.180     9822.531
     900.459        6.900      329.180     9822.531
     901.475        3.900      329.180     9822.531
     902.488        8.900      329.180     9822.531
     903.509        9.800      329.180     9822.531
     904.523       20.700      364.516     9865.797
     905.540        7.900      365.332     9865.797
     906.558        5.900      329.191     9822.531
     907.573        5.800      329.191     9822.531
     908.602        6.800      329.191     9822.531
     909.622        4.900      329.191     9822.531
     910.640       13.800      348.766     9850.797
     911.656       33.500      373.930     9873.797
     912.670       12.700      375.379     9875.797
     913.692        7.900      329.227     9822.531
     914.711        6.900      329.227     9822.531
     915.727        5.900      329.227     9822.531
     916.746        5.900      329.227     9822.531
     917.767        5.900      329.227     9822.531
     918.789        5.900      329.227     9822.531
     919.809        5.900      329.227     9822.531
     920.831        6.900      329.227     9822.531
     921.851        5.800      329.227     9822.531
     922.880        4.900      329.227     9822.531
     923.903        9.900      341.066     9842.797
     924.916        6.900      329.227     9822.531
     925.929        4.900      329.227     9822.531
     926.946        6.900      329.227     9822.531
     927.963        4.900      329.227     9822.531
     928.986        7.900      329.227     9822.531
     930.003        5.900      329.227     9822.531
     931.019       11.800      329.227     9822.531
     932.033        4.900      329.227     9822.531
     933.057        5.900      329.227     9822.531
     934.078        4.900      329.227     9822.531
     935.103        6.900      329.227     9822.531
     936.122        5.900      329.227     9822.531
     937.135        6.800      329.227     9822.531
     938.158        4.900      329.227     9822.531
     939.180        6.800      329.227     9822.531
     940.204        4.900      329.227     9822.531
     941.221        5.900      329.227     9822.531
     942.245        5.900      329.227     9822.531
     943.269        5.800      329.227     9822.531
     944.295        4.900      329.227     9822.531
     945.313        7.800      329.227     9822.531
     946.339        5.900      329.227     9822.531
     947.359        5.900      329.227     9822.531
     948.381        5.900      329.227     9822.531
     949.406        6.800      329.227     9822.531
     950.433        4.900      329.227     9822.531
     951.453        4.900      329.227     9822.531
     952.467        6.900      329.227     9822.531
     953.487        6.900      329.227     9822.531
     954.507        5.900      329.227     9822.531
     955.522        5.900      329.227     9822.531
     956.543        5.900      329.227     9822.531
     957.561       10.800      329.250     9822.531
     958.582        5.900      329.250     9822.531
     959.599        7.900      329.250     9822.531
     960.617        5.900      329.250     9822.531
     961.641        5.900      329.250     9822.531
     962.654        4.900      329.250     9822.531
     963.682        5.900      329.250     9822.531
     964.698        6.900      329.250     9822.531
     965.714        4.900      329.250     9822.531
     966.737        6.800      329.250     9822.531
     967.763        5.900      329.250     9822.531
     968.783        6.900      329.250     9822.531
     969.803        5.900      329.250     9822.531
     970.822        5.800      329.250     9822.531
     971.851        5.900      329.250     9822.531
     972.873        5.900      329.250     9822.531
     973.886        5.900      329.250     9822.531
     974.903        5.900      329.250     9822.531
     975.925       11.800      346.145     9847.797
     976.946        4.900      329.254     9822.531
     977.966        4.900      329.254     9822.531
     978.984        5.800      329.254     9822.531
     980.010        6.800      329.254     9822.531
     981.036        5.900      329.254     9822.531
     982.058        5.900      329.254     9822.531
     983.079        5.800      329.254     9822.531
     984.110        6.800      329.254     9822.531
     985.132       12.800      329.254     9822.531
     986.146        4.900      329.254     9822.531
     987.169        3.900      329.254     9822.531
     988.191        5.900      329.254     9822.531
     989.204        4.900      329.254     9822.531
     990.222        5.900      329.254     9822.531
     991.244        4.900      329.254     9822.531
     992.265        4.900      329.254     9822.531
     993.286        5.900      329.254     9822.531
     994.301        5.900      329.254     9822.531
     995.318        5.900      329.254     9822.531
     996.333        6.900      329.254     9822.531
     997.351        5.900      329.254     9822.531
     998.366        5.900      329.254     9822.531
     999.383        4.900      329.254     9822.531
    1000.400        5.900      329.254     9822.531
    1001.419        5.900      329.254     9822.531
    1002.447        4.800      329.254     9822.531
    1003.474        5.900      329.254     9822.531
    1004.491        6.900      329.254     9822.531
    1005.507        5.900      329.254     9822.531
    1006.532        5.900      329.254     9822.531
    1007.549        5.900      329.254     9822.531
    1008.571        5.900      329.254     9822.531
    1009.586        5.800      329.254     9822.531
    1010.613        6.800      329.254     9822.531
    1011.633        6.900      329.254     9822.531
    1012.647        9.900      329.512     9822.531
    1013.660        4.900      329.512     9822.531
    1014.681        3.900      329.512     9822.531
    1015.703        6.800      329.512     9822.531
    1016.725        4.900      329.512     9822.531
    1017.742        5.900      329.512     9822.531
    1018.760        6.900      329.512     9822.531
    1019.772        5.900      329.512     9822.531
    1020.792        5.800      329.512     9822.531
    1021.818        5.900      329.512     9822.531
    1022.840        5.800      329.512     9822.531
    1023.865        5.900      329.512     9822.531
    1024.887        4.900      329.512     9822.531
    1025.911        6.900      329.512     9822.531
    1026.931        5.900      329.512     9822.531
    1027.950        4.900      329.512     9822.531
    1028.976        5.900      329.512     9822.531
    1029.997        5.900      329.512     9822.531
    1031.020        5.900      329.512     9822.531
    1032.043        6.800      329.512     9822.531
    1033.060        4.900      329.512     9822.531
    1034.077        7.800      329.512     9822.531
    1035.103        4.900      329.512     9822.531
    1036.128        4.900      329.512     9822.531
    1037.155        7.800      329.512     9822.531
    1038.173        5.800      329.512     9822.531
    1039.201        9.800      329.770     9822.531
    1040.226        4.900      329.770     9822.531
    1041.241        4.900      329.770     9822.531
    1042.265        6.900      329.770     9822.531
    1043.281        4.900      329.770     9822.531
    1044.306        7.900      329.770     9822.531
    1045.325        4.900      329.770     9822.531
    1046.348        4.900      329.770     9822.531
    1047.365        3.900      329.770     9822.531
    1048.385        4.900      329.770     9822.531
    1049.408        5.900      329.770     9822.531
    1050.427        5.800      329.770     9822.531
    1051.454        4.900      329.770     9822.531
    1052.468        5.900      329.770     9822.531
    1053.486        4.900      329.770     9822.531
    1054.505        5.900      329.770     9822.531
    1055.527        5.900      329.770     9822.531
    1056.544        5.900      329.770     9822.531
    1057.567        6.900      329.770     9822.531
    1058.582        6.800      329.770     9822.531
    1059.603        7.900      329.770     9822.531
    1060.620        7.900      329.770     9822.531
    1061.645        6.900      329.770     9822.531
    1062.659        5.900      329.770     9822.531
    1063.683        5.900      329.770     9822.531
    1064.695        7.900      329.770     9822.531
    1065.709        5.900      329.770     9822.531
    1066.736        8.800      329.770     9822.531
    1067.757        7.800      329.770     9822.531
    1068.777        4.900      329.770     9822.531
    1069.798        5.900      329.770     9822.531
    1070.813        6.900      329.770     9822.531
    1071.826       11.800      352.594     9853.797
    1072.841       14.700      365.527     9865.797
    1073.860        4.900      329.785     9822.531
    1074.880        6.900      329.785     9822.531
    1075.897        6.900      329.785     9822.531
    1076.921        4.900      329.785     9822.531
    1077.941        4.900      329.785     9822.531
    1078.960        7.800      329.785     9822.531
    1079.978        5.900      329.785     9822.531
    1080.997        6.900      329.785     9822.531
    1082.014        6.800      329.785     9822.531
    1083.039        4.900      329.785     9822.531
    1084.051        7.900      329.785     9822.531
    1085.067        4.900      329.785     9822.531
    1086.088        5.900      329.785     9822.531
    1087.104        5.900      329.785     9822.531
    1088.122        6.900      329.785     9822.531
    1089.137        5.900      329.785     9822.531
    1090.152        6.800      329.785     9822.531
    1091.173        6.800      329.785     9822.531
    1092.198        6.900      329.785     9822.531
    1093.212        8.800      329.785     9822.531
    1094.237        6.900      329.785     9822.531
    1095.258        5.900      329.785     9822.531
    1096.272        4.900      329.785     9822.531
    1097.301        7.800      329.785     9822.531
    1098.322        6.800      329.785     9822.531
    1099.345        6.800      329.785     9822.531
    1100.370        4.900      329.785     9822.531
    1101.386        6.900      329.785     9822.531
    1102.398        6.900      329.785     9822.531
    1103.418        6.900      329.785     9822.531
    1104.434        5.900      329.785     9822.531
    1105.453        7.800      329.785     9822.531
    1106.477        4.900      329.785     9822.531
    1107.501        6.900      329.785     9822.531
    1108.518        6.800      329.785     9822.531
    1109.542        6.800      329.785     9822.531
    1110.570        4.900      329.785     9822.531
    1111.594        4.900      329.785     9822.531
    1112.614        8.800      329.785     9822.531
    1113.636        5.900      329.785     9822.531
    1114.662        4.900      329.785     9822.531
    1115.682        5.800      329.785     9822.531
    1116.711        5.900      329.785     9822.531
    1117.733        5.900      329.785     9822.531
    1118.758        5.900      329.785     9822.531
    1119.782        5.800      329.785     9822.531
    1120.799       12.800      329.785     9822.531
    1121.814        6.800      329.785     9822.531
    1122.840        5.900      329.785     9822.531
    1123.862        4.900      329.785     9822.531
    1124.883        5.900      329.785     9822.531
    1125.905        4.900      329.785     9822.531
    1126.923        6.800      329.785     9822.531
    1127.944        6.800      329.785     9822.531
    1128.971        6.900      329.785     9822.531
    1129.991        4.900      329.785     9822.531
    1131.005        5.800      329.785     9822.531
    1132.031        7.900      329.785     9822.531
    1133.050        4.900      329.785     9822.531
    1134.073        5.900      329.785     9822.531
    1135.092        5.900      329.785     9822.531
    1136.117        6.800      329.785     9822.531
    1137.133        6.900      329.785     9822.531
    1138.155        3.900      329.785     9822.531
    1139.175        5.900      329.785     9822.531
    1140.195        5.900      329.785     9822.531
    1141.216        6.900      329.785     9822.531
    1142.229        4.900      329.785     9822.531
    1143.246        3.900      329.785     9822.531
    1144.261        5.900      329.785     9822.531
    1145.284        5.900      329.785     9822.531
    1146.297        6.900      329.785     9822.531
    1147.311       10.800      329.785     9822.531
    1148.330        5.900      329.785     9822.531
    1149.351        4.900      329.785     9822.531
    1150.376        4.900      329.785     9822.531
    1151.401        5.900      329.785     9822.531
    1152.418        5.900      329.785     9822.531
    1153.432        6.900      329.785     9822.531
    1154.450        6.800      329.785     9822.531
    1155.473        4.900      329.785     9822.531
    1156.494        6.900      329.785     9822.531
    1157.511        5.900      329.785     9822.531
    1158.531        3.900      329.785     9822.531
    1159.549        5.900      329.785     9822.531
    1160.565        6.900      329.785     9822.531
    1161.581        5.900      329.785     9822.531
    1162.603        3.900      329.785     9822.531
    1163.624        6.900      329.785     9822.531
    1164.641        3.900      329.785     9822.531
    1165.656        6.900      329.785     9822.531
    1166.674        5.900      329.785     9822.531
    1167.699        3.900      329.785     9822.531
    1168.715        5.900      329.785     9822.531
    1169.735        3.900      329.785     9822.531
    1170.757        7.900      329.785     9822.531
    1171.771        6.900      329.785     9822.531
    1172.789        7.900      329.785     9822.531
    1173.804        4.900      329.785     9822.531
    1174.824       10.800      329.785     9822.531
    1175.846        5.900      329.785     9822.531
    1176.862        5.900      329.785     9822.531
    1177.883        4.900      329.785     9822.531
    1178.899        6.800      329.785     9822.531
    1179.928        5.900      329.785     9822.531
    1180.947        3.900      329.785     9822.531
    1181.978        5.800      329.785     9822.531
    1183.008        6.800      329.785     9822.531
    1184.032        5.900      329.785     9822.531
    1185.056        4.900      329.785     9822.531
    1186.074        6.800      329.785     9822.531
    1187.099        5.900      329.785     9822.531
    1188.113        6.800      329.785     9822.531
    1189.138        4.900      329.785     9822.531
    1190.160        6.800      329.785     9822.531
    1191.184        4.800      329.785     9822.531
    1192.212        4.900      329.785     9822.531
    1193.235        6.900      329.785     9822.531
    1194.259        6.800      329.785     9822.531
    1195.278        5.900      329.785     9822.531
    1196.297        4.900      329.785     9822.531
    1197.310        5.900      329.785     9822.531
    1198.326        5.800      329.785     9822.531
    1199.354        6.900      329.785     9822.531
    1200.381        5.900      329.785     9822.531
    1201.398        5.900      329.785     9822.531
    1202.414       11.800      330.043     9822.531
    1203.433        4.900      330.043     9822.531
    1204.454        4.900      330.043     9822.531
    1205.472        8.800      330.043     9822.531
    1206.495        6.800      330.043     9822.531
    1207.516        6.900      330.043     9822.531
    1208.536        4.900      330.043     9822.531
    1209.554        6.800      330.043     9822.531
    1210.577        5.800      330.043     9822.531
    1211.608        4.900      330.043     9822.531
    1212.623        4.900      330.043     9822.531
    1213.641        5.900      330.043     9822.531
    1214.656        5.900      330.043     9822.531
    1215.681        6.900      330.043     9822.531
    1216.700        5.800      330.043     9822.531
    1217.727        6.800      330.043     9822.531
    1218.753        4.900      330.043     9822.531
    1219.780        3.900      330.043     9822.531
    1220.799        5.800      330.043     9822.531
    1221.824        4.900      330.043     9822.531
    1222.851        4.900      330.043     9822.531
    1223.871        6.900      330.043     9822.531
    1224.889        5.900      330.043     9822.531
    1225.910        5.900      330.043     9822.531
    1226.934        6.800      330.043     9822.531
    1227.957        6.800      330.043     9822.531
    1228.980        4.900      330.043     9822.531
    1229.999       11.800      330.043     9822.531
    1231.015        5.800      330.043     9822.531
    1232.041        5.900      330.043     9822.531
    1233.060        5.900      330.043     9822.531
    1234.080       24.800      365.895     9865.797
    1235.165        6.900      330.059     9822.531
    1236.180        5.900      330.059     9822.531
    1237.197        4.900      330.059     9822.531
    1238.215        6.800      330.059     9822.531
    1239.242        5.900      330.059     9822.531
    1240.268        6.900      330.059     9822.531
    1241.285        6.900      330.059     9822.531
    1242.303        5.900      330.059     9822.531
    1243.322        5.900      330.059     9822.531
    1244.338        6.800      330.059     9822.531
    1245.364        5.900      330.059     9822.531
    1246.385        5.900      330.059     9822.531
    1247.400        4.900      330.059     9822.531
    1248.420        6.800      330.059     9822.531
    1249.442        5.800      330.059     9822.531
    1250.471        7.900      330.059     9822.531
    1251.488        3.900      330.059     9822.531
    1252.507        5.900      330.059     9822.531
    1253.521        4.900      330.059     9822.531
    1254.537        3.900      330.059     9822.531
    1255.558        6.900      330.059     9822.531
    1256.580        5.800      330.059     9822.531
    1257.606       11.700      330.059     9822.531
    1258.633        6.900      330.059     9822.531
    1259.650        4.900      330.059     9822.531
    1260.670        5.900      330.059     9822.531
    1261.693        5.900      330.059     9822.531
    1262.712        3.900      330.059     9822.531
    1263.737        6.900      330.059     9822.531
    1264.749        5.900      330.059     9822.531
    1265.763        4.900      330.059     9822.531
    1266.782        7.900      330.059     9822.531
    1267.796        5.900      330.059     9822.531
    1268.818        6.800      330.059     9822.531
    1269.841        5.800      330.059     9822.531
    1270.868        5.900      330.059     9822.531
    1271.884        5.900      330.059     9822.531
    1272.907        4.900      330.059     9822.531
    1273.933        5.900      330.059     9822.531
    1274.957        7.900      330.059     9822.531
    1275.975        5.900      330.059     9822.531
    1276.991        6.800      330.059     9822.531
    1278.011        5.900      330.059     9822.531
    1279.031        6.800      330.059     9822.531
    1280.054        4.900      330.059     9822.531
    1281.086        6.800      330.059     9822.531
    1282.105        5.900      330.059     9822.531
    1283.130        6.900      330.059     9822.531
    1284.148        9.800      330.059     9822.531
    1285.163        4.900      330.059     9822.531
    1286.182        5.900      330.059     9822.531
    1287.201        5.900      330.059     9822.531
    1288.214        5.900      330.059     9822.531
    1289.230        4.900      330.059     9822.531
    1290.254        6.800      330.059     9822.531
    1291.275        5.900      330.059     9822.531
    1292.303        5.800      330.059     9822.531
    1293.333        5.900      330.059     9822.531
    1294.354        5.800      330.059     9822.531
    1295.379        6.900      330.059     9822.531
    1296.395        5.900      330.059     9822.531
    1297.419        5.900      330.059     9822.531
    1298.438        5.900      330.059     9822.531
    1299.461        6.800      330.059     9822.531
    1300.487        5.900      330.059     9822.531
    1301.507        5.900      330.059     9822.531
    1302.528        5.900      330.059     9822.531
    1303.551        3.900      330.059     9822.531
    1304.569        6.900      330.059     9822.531
    1305.590        4.900      330.059     9822.531
    1306.610        5.800      330.059     9822.531
    1307.640        6.900      330.059     9822.531
    1308.662        6.900      330.059     9822.531
    1309.676        5.900      330.059     9822.531
    1310.694        5.900      330.059     9822.531
    1311.718       12.700      330.059     9822.531
    1312.736        5.900      330.059     9822.531
    1313.752        5.900      330.059     9822.531
    1314.768        5.900      330.059     9822.531
    1315.786        6.800      330.059     9822.531
    1316.812        4.900      330.059     9822.531
    1317.830        6.800      330.059     9822.531
    1318.859       11.700      348.602     9849.797
    1319.880        5.800      330.059     9822.531
    1320.907        7.800      330.059     9822.531
    1321.932        6.900      330.059     9822.531
    1322.952        6.900      330.059     9822.531
    1323.967        6.800      330.059     9822.531
    1324.994        4.900      330.059     9822.531
    1326.016        6.800      330.059     9822.531
    1327.048        7.800      330.059     9822.531
    1328.062        4.900      330.059     9822.531
    1329.079        7.800      330.059     9822.531
    1330.099        5.900      330.059     9822.531
    1331.113        5.800      330.059     9822.531
    1332.141        4.900      330.059     9822.531
    1333.159        5.800      330.059     9822.531
    1334.187        5.900      330.059     9822.531
    1335.203        6.900      330.059     9822.531
    1336.222        4.900      330.059     9822.531
    1337.242        8.800      330.059     9822.531
    1338.263        8.800      330.059     9822.531
    1339.279        5.900      330.059     9822.531
    1340.298        7.900      330.059     9822.531
    1341.314        6.800      330.059     9822.531
    1342.338        5.900      330.059     9822.531
    1343.356        5.900      330.059     9822.531
    1344.369        6.900      330.059     9822.531
    1345.390        7.800      330.059     9822.531
    1346.411        5.900      330.059     9822.531
    1347.428        5.900      330.059     9822.531
    1348.444        6.800      330.059     9822.531
    1349.470        6.800      330.059     9822.531
    1350.501        4.800      330.059     9822.531
    1351.547        5.900      330.059     9822.531
    1352.559        6.900      330.059     9822.531
    1353.581        5.900      330.059     9822.531
    1354.604        6.900      330.059     9822.531
    1355.624        5.800      330.059     9822.531
    1356.651        7.800      342.844     9843.797
    1357.679       60.400      375.004     9873.797
    1358.705        7.900      330.203     9822.531
    1359.723        4.900      330.203     9822.531
    1360.744        7.900      330.203     9822.531
    1361.761        5.900      330.203     9822.531
    1362.781        5.900      330.203     9822.531
    1363.808        8.800      330.203     9822.531
    1364.825        6.900      330.203     9822.531
    1365.837        3.900      330.203     9822.531
    1366.863        4.900      330.203     9822.531
    1367.883        6.900      330.203     9822.531
    1368.903        5.900      330.203     9822.531
    1369.916        5.800      330.203     9822.531
    1370.951        7.900      330.203     9822.531
    1371.966        5.900      330.203     9822.531
    1372.983        5.900      330.203     9822.531
    1373.998        6.900      330.203     9822.531
    1375.016        4.900      330.203     9822.531
    1376.031        5.900      330.203     9822.531
    1377.052        6.900      330.203     9822.531
    1378.071        5.800      330.203     9822.531
    1379.097        6.900      330.203     9822.531
    1380.116        7.900      330.203     9822.531
    1381.136        5.900      330.203     9822.531
    1382.149        5.900      330.203     9822.531
    1383.170        5.900      330.203     9822.531
    1384.192        6.900      330.203     9822.531
    1385.206        4.900      330.203     9822.531
    1386.230        4.900      330.203     9822.531
    1387.248        5.900      330.203     9822.531
    1388.266        6.900      330.203     9822.531
    1389.285        9.700      330.203     9822.531
    1390.312        4.900      330.203     9822.531
    1391.329        5.900      330.203     9822.531
    1392.345        4.900      330.203     9822.531
    1393.372        6.900      330.203     9822.531
    1394.393        4.900      330.203     9822.531
    1395.415        6.800      330.203     9822.531
    1396.437        7.800      330.203     9822.531
    1397.458        6.900      330.203     9822.531
    1398.477        5.800      330.203     9822.531
    1399.503        5.800      330.203     9822.531
    1400.528        6.900      330.203     9822.531
    1401.541        5.900      330.203     9822.531
    1402.567        5.900      330.203     9822.531
    1403.587        5.900      330.203     9822.531
    1404.610        4.900      330.203     9822.531
    1405.626        5.800      330.203     9822.531
    1406.653        5.900      330.203     9822.531
    1407.667        5.900      330.203     9822.531
    1408.690        4.900      330.203     9822.531
    1409.712        5.800      330.203     9822.531
    1410.739        3.900      330.203     9822.531
    1411.764        5.900      330.203     9822.531
    1412.783        7.800      342.406     9843.797
    1413.803        7.900      330.203     9822.531
    1414.819       11.800      330.203     9822.531
    1415.845        4.900      330.203     9822.531
    1416.859        5.900      330.203     9822.531
    1417.876        5.900      330.203     9822.531
    1418.899        6.900      330.203     9822.531
    1419.914        4.900      330.203     9822.531
    1420.937        6.900      330.203     9822.531
    1421.958        5.900      330.203     9822.531
    1422.979        4.900      330.203     9822.531
    1424.006        5.900      330.203     9822.531
    1425.021        6.900      330.203     9822.531
    1426.036        6.800      330.203     9822.531
    1427.060        5.900      330.203     9822.531
    1428.077        4.900      330.203     9822.531
    1429.091        5.900      330.203     9822.531
    1430.107        5.900      330.203     9822.531
    1431.126        4.900      330.203     9822.531
    1432.145        5.900      330.203     9822.531
    1433.159        6.900      330.203     9822.531
    1434.179        4.900      330.203     9822.531
    1435.199        6.800      330.203     9822.531
    1436.233        6.800      330.203     9822.531
    1437.255        6.900      330.203     9822.531
    1438.275        5.900      330.203     9822.531
    1439.295        8.800      330.461     9822.531
    1440.318        6.900      330.461     9822.531
    1441.334        7.800      330.461     9822.531
    1442.354        4.900      330.461     9822.531
    1443.378        5.900      330.461     9822.531
    1444.397        5.900      330.461     9822.531
    1445.420        5.900      330.461     9822.531
    1446.438        7.800      330.461     9822.531
    1447.468        3.900      330.461     9822.531
    1448.491        6.900      330.461     9822.531
    1449.509        5.800      330.461     9822.531
    1450.535        5.900      330.461     9822.531
    1451.550        4.900      330.461     9822.531
    1452.573        4.900      330.461     9822.531
    1453.604        4.800      330.461     9822.531
    1454.632        6.800      330.461     9822.531
    1455.657        4.900      330.461     9822.531
    1456.685        6.900      330.461     9822.531
    1457.708        7.600      330.461     9822.531
    1458.753        5.900      330.461     9822.531
    1459.773        5.800      330.461     9822.531
    1460.801        4.900      330.461     9822.531
    1461.829        6.800      330.461     9822.531
    1462.860        6.900      330.461     9822.531
    1463.874        4.900      330.461     9822.531
    1464.889        9.800      330.461     9822.531
    1465.909        5.900      330.461     9822.531
    1466.933        6.900      330.461     9822.531
    1467.947        5.900      330.461     9822.531
    1468.965        4.900      330.461     9822.531
    1469.983        6.800      330.461     9822.531
    1471.006        7.800      330.461     9822.531
    1472.028        5.900      330.461     9822.531
    1473.042        6.900      330.461     9822.531
    1474.060        5.900      330.461     9822.531
    1475.074        6.900      330.461     9822.531
    1476.089        4.900      330.461     9822.531
    1477.104        4.900      330.461     9822.531
    1478.120        6.900      330.461     9822.531
    1479.137        4.900      330.461     9822.531
    1480.155        6.800      330.461     9822.531
    1481.183        5.900      330.461     9822.531
    1482.203        6.900      330.461     9822.531
    1483.218        5.900      330.461     9822.531
    1484.237        4.900      330.461     9822.531
    1485.254        7.800      330.461     9822.531
    1486.279        5.900      330.461     9822.531
    1487.303        5.800      330.461     9822.531
    1488.331        5.900      330.461     9822.531
    1489.346        8.700      330.461     9822.531
    1490.375        5.900      330.461     9822.531
    1491.405        5.800      330.461     9822.531
    1492.428        5.900      330.461     9822.531
    1493.444        5.900      330.461     9822.531
    1494.467        6.800      330.461     9822.531
    1495.491        4.900      330.461     9822.531
    1496.512        5.900      330.461     9822.531
    1497.528        5.900      330.461     9822.531
    1498.549        6.800      330.461     9822.531
    1499.575        5.900      330.461     9822.531
