# Elapsed time   CPU (%)     Real (MB)   Virtual (MB)
       0.000        0.000        4.652       25.055
       1.022      230.100      109.805     9003.656
       2.052      234.800      133.637     9527.719
       3.080      227.100      151.367     9593.719
       4.108      164.700      187.820     9601.719
       5.129      248.300      230.906     9601.719
       6.161      204.200      270.227     9601.719
       7.182      208.500      168.605     9873.742
       8.200      226.900      194.887     9872.797
       9.231       39.700      196.672     9872.797
      10.262       44.300      198.320     9872.797
      11.279       32.300      200.562     9872.797
      12.302       29.300      202.035     9872.797
      13.328       25.600      203.621     9872.797
      14.343       24.500      205.141     9872.797
      15.364       20.500      205.438     9872.797
      16.393       20.500      206.977     9872.797
      17.415       19.500      208.438     9872.797
      18.437       61.600      206.906     9869.797
      19.459       34.300      223.594     9885.797
      20.479       34.500      226.852     9885.797
      21.492       18.700      228.523     9885.797
      22.508       19.500      219.461     9874.797
      23.537       33.300      220.172     9873.797
      24.558       44.000      228.199     9873.797
      25.580       28.600      228.363     9873.797
      26.594       32.200      228.512     9873.797
      27.618       31.300      228.555     9873.797
      28.642       18.700      228.691     9873.797
      29.658       21.700      229.914     9873.797
      30.673       27.500      231.078     9873.797
      31.693       22.600      231.125     9873.797
      32.709       30.400      231.223     9873.797
      33.738       40.800      231.508     9873.797
      34.762       16.700      231.582     9873.797
      35.778       16.800      231.727     9873.797
      36.792       24.600      231.797     9873.797
      37.809       17.700      231.809     9873.797
      38.826       16.600      231.820     9873.797
      39.850       16.700      232.320     9873.797
      40.866       13.700      232.848     9873.797
      41.886       13.700      232.891     9873.797
      42.906       13.700      233.664     9873.797
      43.924       20.700      233.664     9873.797
      44.945       11.700      233.750     9873.797
      45.969       19.700      233.820     9873.797
      46.987       33.500      233.848     9873.797
      48.000       28.600      233.848     9873.797
      49.015       28.300      233.875     9873.797
      50.041       16.700      233.875     9873.797
      51.058       14.600      233.875     9873.797
      52.082       18.600      233.875     9873.797
      53.101       18.700      233.875     9873.797
      54.120       30.300      233.875     9873.797
      55.139       22.500      233.875     9873.797
      56.160       15.600      233.875     9873.797
      57.186       30.400      233.875     9873.797
      58.205        8.800      233.875     9873.797
      59.224       33.100      235.156     9874.797
      60.252       61.300      246.391     9886.797
      61.278        7.900      246.461     9886.797
      62.297        6.900      246.461     9886.797
      63.314       15.600      236.238     9875.797
      64.339        9.800      236.238     9875.797
      65.364       11.700      236.238     9875.797
      66.394       32.300      236.359     9875.797
      67.411       14.800      236.359     9875.797
      68.427       27.500      235.383     9874.797
      69.443        7.900      235.383     9874.797
      70.459       18.600      235.383     9874.797
      71.482       29.200      235.383     9874.797
      72.510       18.600      235.383     9874.797
      73.533       24.400      235.383     9874.797
      74.557       18.500      235.391     9874.797
      75.584       15.700      235.391     9874.797
      76.599       29.500      235.391     9874.797
      77.617       32.200      234.613     9873.797
      78.640       18.700      234.613     9873.797
      79.657        8.700      234.613     9873.797
      80.683       26.500      234.617     9873.797
      81.704       27.200      234.645     9873.797
      82.732        8.800      234.645     9873.797
      83.754       18.600      234.645     9873.797
      84.771        6.900      232.668     9871.797
      85.785       43.200      234.906     9873.797
      86.804       25.300      234.949     9873.797
      87.835       14.600      235.137     9873.797
      88.858        6.800      235.137     9873.797
      89.891        6.800      235.137     9873.797
      90.909        5.800      235.137     9873.797
      91.937       27.400      235.137     9873.797
      92.961        5.800      235.137     9873.797
      93.987       18.700      235.223     9873.797
      95.004        5.800      235.223     9873.797
      96.033       25.700      236.332     9874.797
      97.045       20.400      236.332     9874.797
      98.073        5.800      190.379     9822.531
      99.098        9.800      203.730     9843.797
     100.121        6.800      203.730     9843.797
     101.145        7.800      205.051     9845.797
     102.164        5.900      190.383     9822.531
     103.188       13.600      209.070     9849.797
     104.213       13.200      205.055     9845.797
     105.274        7.800      206.598     9847.797
     106.296       33.300      226.785     9866.797
     107.315       31.200      235.156     9873.797
     108.342       18.500      235.156     9873.797
     109.368       16.600      235.211     9873.797
     110.389        4.900      235.211     9873.797
     111.406       51.200      240.754     9880.797
     112.421       11.800      240.754     9880.797
     113.444        4.900      240.754     9880.797
     114.460        5.900      240.754     9880.797
     115.475        6.900      240.754     9880.797
     116.494        5.900      240.754     9880.797
     117.514        6.800      240.754     9880.797
     118.537        5.900      240.754     9880.797
     119.553       11.700      208.762     9849.797
     120.582        6.900      211.715     9852.797
     121.603        5.900      190.586     9822.531
     122.628       17.700      218.891     9860.797
     123.648       18.500      233.992     9873.797
     124.676        8.800      233.992     9873.797
     125.697        9.700      234.234     9873.797
     126.723        7.800      190.609     9822.531
     127.745        5.900      190.609     9822.531
     128.771        5.900      190.609     9822.531
     129.789        6.800      190.609     9822.531
     130.815        7.800      203.078     9844.797
     131.839       22.500      225.387     9865.797
     132.862        6.800      225.387     9865.797
     133.893        5.800      190.637     9822.531
     134.919        5.800      190.637     9822.531
     135.946        9.800      205.988     9846.797
     136.965        4.900      190.637     9822.531
     137.995        5.900      190.637     9822.531
     139.020        6.800      201.305     9841.797
     140.043        7.900      190.637     9822.531
     141.056        7.900      205.262     9845.797
     142.071       24.400      225.805     9865.797
     143.094        5.900      190.664     9822.531
     144.118        3.900      190.664     9822.531
     145.137       12.800      210.121     9851.797
     146.154        5.900      210.738     9852.797
     147.176       23.600      222.566     9864.797
     148.192       29.500      226.461     9866.797
     149.210        4.900      226.465     9866.797
     150.222        7.900      190.750     9822.531
     151.240       11.800      210.582     9852.797
     152.258        4.900      190.754     9822.531
     153.281        7.800      202.078     9844.797
     154.301        4.900      190.758     9822.531
     155.332        5.900      201.898     9841.797
     156.352        8.700      190.758     9822.531
     157.383        9.800      204.258     9844.797
     158.407        7.800      209.609     9850.797
     159.430        5.800      190.762     9822.531
     160.455        9.900      205.344     9845.797
     161.471        4.900      190.766     9822.531
     162.495       29.400      223.977     9863.797
     163.515        7.800      223.977     9863.797
     164.537        6.900      223.977     9863.797
     165.553        4.900      223.977     9863.797
     166.574        6.900      223.977     9863.797
     167.595       14.600      224.223     9863.797
     168.622       35.200      235.258     9873.797
     169.645       83.900      235.527     9873.797
     170.669        7.800      235.527     9873.797
     171.692        4.900      190.828     9822.531
     172.711        6.900      201.496     9841.797
     173.730        5.900      190.828     9822.531
     174.750        3.900      190.828     9822.531
     175.764       39.400      235.016     9873.797
     176.779       15.600      237.395     9875.797
     177.802        5.900      191.035     9822.531
     178.823        6.800      203.562     9843.797
     179.850        5.900      205.965     9846.797
     180.870        6.800      209.090     9850.797
     181.894        6.800      209.879     9851.797
     182.917       25.300      232.738     9873.797
     183.945       22.500      234.996     9873.797
     184.969       10.800      207.016     9847.797
     185.987       20.600      223.336     9864.797
     187.007        6.900      191.098     9822.531
     188.021        7.800      191.098     9822.531
     189.051       31.300      227.863     9866.797
     190.070       16.800      228.750     9866.797
     191.086        5.900      191.145     9822.531
     192.105        7.800      204.996     9844.797
     193.127        7.900      209.605     9849.797
     194.138        6.800      191.152     9822.531
     195.162        4.900      191.152     9822.531
     196.182        5.800      191.152     9822.531
     197.212        3.900      191.152     9822.531
     198.231       17.700      217.547     9856.797
     199.246        5.900      191.164     9822.531
     200.267        4.900      191.164     9822.531
     201.288        3.900      191.164     9822.531
     202.312        5.900      191.164     9822.531
     203.337        3.900      191.164     9822.531
     204.360        4.900      191.164     9822.531
     205.380        8.800      203.121     9843.797
     206.406        3.900      191.168     9822.531
     207.420        5.900      191.168     9822.531
     208.446        7.800      191.168     9822.531
     209.467        5.800      191.168     9822.531
     210.501        6.900      191.168     9822.531
     211.518        6.900      191.168     9822.531
     212.539        3.900      191.168     9822.531
     213.557        5.800      191.168     9822.531
     214.589        3.900      191.168     9822.531
     215.610        8.800      191.168     9822.531
     216.633       23.300      226.969     9865.797
     217.662        8.900      226.969     9865.797
     218.676        5.900      191.188     9822.531
     219.690       14.800      213.074     9853.797
     220.711       25.500      233.039     9872.797
     221.728        8.800      233.398     9872.797
     222.745        6.900      191.227     9822.531
     223.765        4.900      191.227     9822.531
     224.778       10.800      203.742     9843.797
     225.797        3.900      191.227     9822.531
     226.819        6.900      204.148     9843.797
     227.836        6.800      204.742     9846.797
     228.861        4.900      191.230     9822.531
     229.878        5.900      191.230     9822.531
     230.899        5.900      191.230     9822.531
     231.918        5.900      191.230     9822.531
     232.934        6.900      191.230     9822.531
     233.956        3.900      191.230     9822.531
     234.974        4.900      191.230     9822.531
     235.989        4.900      191.230     9822.531
     237.005        3.900      191.230     9822.531
     238.023        6.900      191.230     9822.531
     239.045        4.900      191.230     9822.531
     240.064        4.800      191.230     9822.531
     241.097        5.900      191.230     9822.531
     242.118        4.900      191.230     9822.531
     243.141        7.800      191.230     9822.531
     244.170       12.700      212.059     9851.797
     245.186       32.200      235.895     9873.797
     246.211        5.900      191.250     9822.531
     247.233        3.900      191.250     9822.531
     248.255       11.800      210.016     9849.797
     249.272        6.800      191.254     9822.531
     250.297        6.900      203.469     9843.797
     251.314        9.800      203.984     9843.797
     252.336       13.600      218.840     9860.797
     253.363        9.700      203.996     9843.797
     254.394       23.600      226.688     9865.797
     255.410        9.900      226.688     9865.797
     256.424        7.700      226.688     9865.797
     257.458       51.800      236.789     9873.797
     258.486       29.300      236.789     9873.797
     259.505        5.900      236.789     9873.797
     260.523        5.800      236.789     9873.797
     261.549        6.900      236.789     9873.797
     262.571        4.900      192.156     9822.531
     263.599       39.200      229.594     9866.797
     264.620        6.800      229.594     9866.797
     265.642        6.900      192.195     9822.531
     266.661        6.800      192.195     9822.531
     267.684       13.700      215.395     9853.797
     268.704        5.800      192.199     9822.531
     269.735        4.900      192.199     9822.531
     270.758        5.900      192.199     9822.531
     271.778        5.900      192.199     9822.531
     272.797        4.900      192.199     9822.531
     273.820        7.900      192.715     9822.531
     274.837        4.900      192.715     9822.531
     275.853        4.900      192.715     9822.531
     276.871        4.900      192.715     9822.531
     277.889        6.900      192.715     9822.531
     278.905        6.800      192.715     9822.531
     279.934        3.900      192.715     9822.531
     280.957        5.900      192.715     9822.531
     281.974        8.800      206.289     9844.797
     283.001        6.800      209.117     9847.797
     284.018        4.900      192.719     9822.531
     285.035        3.900      192.719     9822.531
     286.055        5.800      192.719     9822.531
     287.082        3.900      192.719     9822.531
     288.109        4.900      192.719     9822.531
     289.121        6.900      192.719     9822.531
     290.138        5.900      192.719     9822.531
     291.157       17.800      219.664     9857.797
     292.171        3.900      192.723     9822.531
     293.189        6.800      192.723     9822.531
     294.210        3.900      192.723     9822.531
     295.241        7.800      204.723     9842.797
     296.263        4.900      192.723     9822.531
     297.278        9.800      204.660     9843.797
     298.304        8.800      210.852     9850.797
     299.326       24.600      227.266     9865.797
     300.341        5.800      193.270     9822.531
     301.368        4.900      193.270     9822.531
     302.387        5.900      193.270     9822.531
     303.405       15.700      214.871     9852.797
     304.425       12.700      227.301     9865.797
     305.443        5.900      193.285     9822.531
     306.461       10.800      211.941     9849.797
     307.478        5.900      193.289     9822.531
     308.494       30.500      232.457     9868.797
     309.510        4.900      193.574     9822.531
     310.522        5.900      193.574     9822.531
     311.541        6.900      193.574     9822.531
     312.562        4.900      193.574     9822.531
     313.579        4.900      193.574     9822.531
     314.597        6.800      193.574     9822.531
     315.622        5.900      193.574     9822.531
     316.638        5.900      193.574     9822.531
     317.656        5.900      193.574     9822.531
     318.671        4.800      193.574     9822.531
     319.706        5.900      193.832     9822.531
     320.726        4.900      193.832     9822.531
     321.753        6.900      193.832     9822.531
     322.767        3.900      193.832     9822.531
     323.783        5.900      193.832     9822.531
     324.807        5.900      193.832     9822.531
     325.822        4.900      193.832     9822.531
     326.837        4.900      193.832     9822.531
     327.852        5.800      193.832     9822.531
     328.879        3.900      193.832     9822.531
     329.900        6.800      193.832     9822.531
     330.923        5.900      194.105     9822.531
     331.939        4.900      194.105     9822.531
     332.962        3.900      194.105     9822.531
     333.983        4.900      194.105     9822.531
     335.001        5.800      194.105     9822.531
     336.027        5.900      194.105     9822.531
     337.042        5.900      194.105     9822.531
     338.056       34.500      231.953     9867.797
     339.073        4.900      194.125     9822.531
     340.097        5.900      194.125     9822.531
     341.112        4.900      194.125     9822.531
     342.136        8.700      194.125     9822.531
     343.164        3.900      194.125     9822.531
     344.184        4.900      194.125     9822.531
     345.200        5.800      194.125     9822.531
     346.227        5.900      194.125     9822.531
     347.242        5.900      194.125     9822.531
     348.264        4.900      194.125     9822.531
     349.278        5.900      194.125     9822.531
     350.299        6.900      194.125     9822.531
     351.320        3.900      194.125     9822.531
     352.335        4.900      194.125     9822.531
     353.356        7.800      207.168     9843.797
     354.377        4.900      194.641     9822.531
     355.401        4.900      194.641     9822.531
     356.421        4.900      194.641     9822.531
     357.447        4.900      194.641     9822.531
     358.462        4.900      194.641     9822.531
     359.479        3.900      194.641     9822.531
     360.495        7.800      209.500     9845.797
     361.522        7.700      194.645     9822.531
     362.555        3.900      194.645     9822.531
     363.573        5.900      194.645     9822.531
     364.596        7.800      205.570     9841.797
     365.619        4.900      194.902     9822.531
     366.636        7.700      207.629     9843.797
     367.670        5.900      194.902     9822.531
     368.696        3.900      194.902     9822.531
     369.717        6.900      194.902     9822.531
     370.734        3.900      194.902     9822.531
     371.747        4.900      194.902     9822.531
     372.769        5.900      194.902     9822.531
     373.787        4.900      194.902     9822.531
     374.806        4.900      194.902     9822.531
     375.827        7.800      195.160     9822.531
     376.850        3.900      195.160     9822.531
     377.878        3.900      195.160     9822.531
     378.900        5.900      195.160     9822.531
     379.920        3.900      195.160     9822.531
     380.944        5.900      195.160     9822.531
     381.963        4.900      195.160     9822.531
     382.987        4.900      195.160     9822.531
     384.010        3.900      195.160     9822.531
     385.035        4.900      195.160     9822.531
     386.061        4.900      195.160     9822.531
     387.077        7.900      195.160     9822.531
     388.090       29.300      230.723     9865.797
     389.116        3.900      195.191     9822.531
     390.136        3.900      195.191     9822.531
     391.154        4.900      195.191     9822.531
     392.172        6.800      195.191     9822.531
     393.191        3.900      195.191     9822.531
     394.215        4.000      195.191     9822.531
     395.228        6.800      195.191     9822.531
     396.251        5.800      195.191     9822.531
     397.280        5.900      195.191     9822.531
     398.299        5.900      195.449     9822.531
     399.313        3.900      195.449     9822.531
     400.332        4.900      195.449     9822.531
     401.355        4.900      195.449     9822.531
     402.372        4.000      195.449     9822.531
     403.383        4.900      195.449     9822.531
     404.408        8.900      207.852     9843.797
     405.426        5.900      195.449     9822.531
     406.463        8.700      211.555     9847.797
     407.484        3.900      195.453     9822.531
     408.511       12.700      212.598     9848.797
     409.537        4.900      195.457     9822.531
     410.562        5.900      195.457     9822.531
     411.575        4.900      195.457     9822.531
     412.597        6.800      206.594     9842.797
     413.621        3.900      195.457     9822.531
     414.650        5.900      195.457     9822.531
     415.673        3.900      195.457     9822.531
     416.690        5.900      195.457     9822.531
     417.714        4.900      195.457     9822.531
     418.739        6.900      195.457     9822.531
     419.756        4.900      195.457     9822.531
     420.772        4.900      195.457     9822.531
     421.789        5.900      195.457     9822.531
     422.807        6.800      207.660     9843.797
     423.830        5.900      195.457     9822.531
     424.848        4.900      195.457     9822.531
     425.866        4.900      195.457     9822.531
     426.886       13.700      218.148     9853.797
     427.910        6.800      218.668     9854.797
     428.936        8.900      220.465     9856.797
     429.957        6.800      195.465     9822.531
     430.982        4.900      195.465     9822.531
     431.996        5.900      195.465     9822.531
     433.017        5.900      195.465     9822.531
     434.037        4.900      195.465     9822.531
     435.063        4.900      195.465     9822.531
     436.080        4.900      195.465     9822.531
     437.108        4.900      195.465     9822.531
     438.124        4.900      195.465     9822.531
     439.143        7.800      195.465     9822.531
     440.170        2.900      195.465     9822.531
     441.190        6.900      195.465     9822.531
     442.203        3.900      195.465     9822.531
     443.224        6.800      195.465     9822.531
     444.253        5.900      207.422     9842.797
     445.264        4.900      195.469     9822.531
     446.295        7.800      205.559     9841.797
     447.325        6.800      195.469     9822.531
     448.356        6.800      195.469     9822.531
     449.375       10.800      212.504     9848.797
     450.397        9.800      211.031     9846.797
     451.418        7.900      214.043     9849.797
     452.433        5.900      214.043     9849.797
     453.454       10.700      223.926     9860.797
     454.479        8.800      195.488     9822.531
     455.506        5.900      195.488     9822.531
     456.522        5.900      195.488     9822.531
     457.542        6.900      208.016     9843.797
     458.558       25.700      229.574     9865.797
     459.573        3.900      229.574     9865.797
     460.590        4.900      195.516     9822.531
     461.608        5.900      195.516     9822.531
     462.626       11.700      213.098     9848.797
     463.648       15.700      227.234     9863.797
     464.668        4.000      195.531     9822.531
     465.681        8.700      211.715     9846.797
     466.713       11.600      217.680     9852.797
     467.749       40.700      232.480     9866.797
     468.774       33.300      233.938     9867.797
     469.794        6.900      233.938     9867.797
     470.810        6.900      233.938     9867.797
     471.829        6.800      233.938     9867.797
     472.849        4.900      233.938     9867.797
     473.866        6.900      233.938     9867.797
     474.883        4.900      233.938     9867.797
     475.902        7.800      233.938     9867.797
     476.926       22.600      230.930     9865.797
     477.942       16.600      232.398     9866.797
     478.965       20.700      233.172     9866.797
     479.991        7.800      233.242     9866.797
     481.011        3.900      233.242     9866.797
     482.030        5.900      233.242     9866.797
     483.053        4.900      233.242     9866.797
     484.075        6.900      233.242     9866.797
     485.090        6.800      233.242     9866.797
     486.115        6.800      195.727     9822.531
     487.146        5.900      195.727     9822.531
     488.168        5.900      195.727     9822.531
     489.182       48.200      248.781     9882.797
     490.200       34.500      273.184     9906.797
     491.218        6.800      195.770     9822.531
     492.240        4.900      195.770     9822.531
     493.260        5.900      195.770     9822.531
     494.286        6.800      195.770     9822.531
     495.311        5.900      195.770     9822.531
     496.335        4.900      195.770     9822.531
     497.350        3.900      195.770     9822.531
     498.365        5.800      195.770     9822.531
     499.394       21.600      224.191     9859.797
     500.416        7.800      195.770     9822.531
     501.438        3.900      195.770     9822.531
     502.457        3.900      195.770     9822.531
     503.485        6.800      195.770     9822.531
     504.506        6.800      196.027     9822.531
     505.532        4.900      196.027     9822.531
     506.553        4.900      196.027     9822.531
     507.569        3.900      196.027     9822.531
     508.596        5.900      196.027     9822.531
     509.612        4.900      196.027     9822.531
     510.629        3.900      196.027     9822.531
     511.647        4.900      196.027     9822.531
     512.661        5.900      196.027     9822.531
     513.684        4.900      196.027     9822.531
     514.728        4.900      196.027     9822.531
     515.742        5.900      196.027     9822.531
     516.763        2.900      196.027     9822.531
     517.786        5.900      196.027     9822.531
     518.807        3.900      196.027     9822.531
     519.821        3.900      196.027     9822.531
     520.838        6.800      196.027     9822.531
     521.861        4.900      196.027     9822.531
     522.874        5.900      196.027     9822.531
     523.886        3.900      196.027     9822.531
     524.900        5.900      196.027     9822.531
     525.933        4.900      196.027     9822.531
     526.948        4.900      196.027     9822.531
     527.968        5.800      196.027     9822.531
     528.998        6.900      196.027     9822.531
     530.013       22.600      232.258     9865.797
     531.030        5.900      196.039     9822.531
     532.053        4.900      196.039     9822.531
     533.076        4.900      196.039     9822.531
     534.100        8.800      196.039     9822.531
     535.123        5.800      208.055     9842.797
     536.150        3.900      196.039     9822.531
     537.168       11.800      215.355     9850.797
     538.182       23.600      231.371     9865.797
     539.198       11.800      211.070     9846.797
     540.212        4.900      196.324     9822.531
     541.232       21.400      231.824     9865.797
     542.262        4.900      196.348     9822.531
     543.277        5.900      196.348     9822.531
     544.293       27.500      235.289     9868.797
     545.315        4.900      196.398     9822.531
     546.339       15.800      220.336     9854.797
     547.351       27.500      232.566     9866.797
     548.370        6.900      196.453     9822.531
     549.388        4.900      196.453     9822.531
     550.412        4.900      196.453     9822.531
     551.430        4.900      196.453     9822.531
     552.451        6.900      196.453     9822.531
     553.467        4.900      196.453     9822.531
     554.483        4.900      196.453     9822.531
     555.504        3.900      196.453     9822.531
     556.519       36.400      230.812     9865.797
     557.535        5.900      196.492     9822.531
     558.553        3.900      196.492     9822.531
     559.578        7.800      196.492     9822.531
     560.606        4.900      196.492     9822.531
     561.624        3.900      196.492     9822.531
     562.641        4.900      196.492     9822.531
     563.656        4.900      196.492     9822.531
     564.677        2.900      196.492     9822.531
     565.699        5.900      196.492     9822.531
     566.730        4.900      196.492     9822.531
     567.744        6.900      196.492     9822.531
     568.761        4.900      196.492     9822.531
     569.789        6.800      196.492     9822.531
     570.812        4.900      196.492     9822.531
     571.827        2.900      196.492     9822.531
     572.852       21.500      230.711     9864.797
     573.876        6.900      196.508     9822.531
     574.896        4.900      196.508     9822.531
     575.917        4.900      196.508     9822.531
     576.933        6.800      196.508     9822.531
     577.955        7.900      196.508     9822.531
     578.968        3.900      196.508     9822.531
     579.985        4.900      196.508     9822.531
     580.996        2.900      196.508     9822.531
     582.015        4.900      196.508     9822.531
     583.034        5.900      196.508     9822.531
     584.050        3.900      196.508     9822.531
     585.071        4.900      196.508     9822.531
     586.083        3.900      196.508     9822.531
     587.107        5.900      196.508     9822.531
     588.128        5.900      196.508     9822.531
     589.144        6.800      196.508     9822.531
     590.170        5.900      196.508     9822.531
     591.189        5.900      196.508     9822.531
     592.216        4.900      196.508     9822.531
     593.235        5.900      196.508     9822.531
     594.254        5.900      196.508     9822.531
     595.268        4.900      196.508     9822.531
     596.294        6.900      196.508     9822.531
     597.310        5.900      196.508     9822.531
     598.329        5.900      196.508     9822.531
     599.353        3.900      196.508     9822.531
     600.373        5.900      196.508     9822.531
     601.392        4.900      196.508     9822.531
     602.407        5.900      196.508     9822.531
     603.429        6.800      196.508     9822.531
     604.453        3.900      196.508     9822.531
     605.469        9.900      215.816     9851.797
     606.482        6.900      196.516     9822.531
     607.502        3.000      196.516     9822.531
     608.521        5.900      196.516     9822.531
     609.542        4.900      196.516     9822.531
     610.558        5.900      196.516     9822.531
     611.581        5.900      196.516     9822.531
     612.600        4.900      196.516     9822.531
     613.623        4.900      196.516     9822.531
     614.646       12.800      219.316     9853.797
     615.659        7.800      196.523     9822.531
     616.681        4.900      196.523     9822.531
     617.700       19.800      231.543     9865.797
     618.713        5.900      196.543     9822.531
     619.732        4.900      196.543     9822.531
     620.747        4.900      196.543     9822.531
     621.765        6.800      196.543     9822.531
     622.795        3.900      196.543     9822.531
     623.814        6.800      202.707     9840.797
     624.841       28.500      232.676     9865.797
     625.859        5.900      196.578     9822.531
     626.874        5.900      196.578     9822.531
     627.892        4.900      196.578     9822.531
     628.914        4.900      196.578     9822.531
     629.939        5.900      196.578     9822.531
     630.958        4.900      196.578     9822.531
     631.977        3.900      196.578     9822.531
     633.002       12.800      212.141     9846.797
     634.020       26.400      230.938     9865.797
     635.042        5.900      196.602     9822.531
     636.066        4.900      196.602     9822.531
     637.087        5.800      196.602     9822.531
     638.118        4.900      196.602     9822.531
     639.135        5.900      196.602     9822.531
     640.149        3.900      196.602     9822.531
     641.171        5.900      196.602     9822.531
     642.196        6.800      196.602     9822.531
     643.228        3.900      196.602     9822.531
     644.253        5.900      196.602     9822.531
     645.268        5.900      196.602     9822.531
     646.286        3.900      196.602     9822.531
     647.307        7.900      207.270     9841.797
     648.321        3.000      196.602     9822.531
     649.336        4.900      196.602     9822.531
     650.360        4.900      196.602     9822.531
     651.385        5.900      196.602     9822.531
     652.398        6.900      196.602     9822.531
     653.417        5.900      196.602     9822.531
     654.432        4.900      196.602     9822.531
     655.459        4.900      196.602     9822.531
     656.485        4.900      196.602     9822.531
     657.511        3.900      196.602     9822.531
     658.529        4.900      196.602     9822.531
     659.551        5.900      196.602     9822.531
     660.572        5.900      196.602     9822.531
     661.594       10.800      210.160     9844.797
     662.610        4.900      196.602     9822.531
     663.631        3.900      196.602     9822.531
     664.650        5.900      196.602     9822.531
     665.672        5.800      196.602     9822.531
     666.699        4.900      196.602     9822.531
     667.720        4.900      196.602     9822.531
     668.737        4.900      196.602     9822.531
     669.759        2.900      196.602     9822.531
     670.783        3.900      196.602     9822.531
     671.803        5.800      196.602     9822.531
     672.833        4.900      196.602     9822.531
     673.856       10.800      216.168     9850.797
     674.873        5.900      196.609     9822.531
     675.891        5.900      196.609     9822.531
     676.910        5.800      196.609     9822.531
     677.934        4.900      196.609     9822.531
     678.961        3.900      196.609     9822.531
     679.976        3.900      196.609     9822.531
     680.996        4.900      196.609     9822.531
     682.018        5.900      196.609     9822.531
     683.030        3.900      196.609     9822.531
     684.053        3.900      196.609     9822.531
     685.068        5.800      196.609     9822.531
     686.098        4.900      196.609     9822.531
     687.118        5.900      196.609     9822.531
     688.138        5.900      196.609     9822.531
     689.155        4.900      196.609     9822.531
     690.180        6.900      196.609     9822.531
     691.201        4.900      196.609     9822.531
     692.226        6.800      196.609     9822.531
     693.253        4.900      196.609     9822.531
     694.271        4.900      196.609     9822.531
     695.290        7.900      196.609     9822.531
     696.307        4.900      196.609     9822.531
     697.333        4.900      196.609     9822.531
     698.353        6.900      196.609     9822.531
     699.368        5.900      196.609     9822.531
     700.388       20.700      232.250     9865.797
     701.403        5.900      196.621     9822.531
     702.419        4.900      196.621     9822.531
     703.439        3.900      196.621     9822.531
     704.458        7.900      207.766     9842.797
     705.475        4.900      196.625     9822.531
     706.489        4.900      196.625     9822.531
     707.502        4.900      196.625     9822.531
     708.522        4.900      196.625     9822.531
     709.540       14.800      217.434     9851.797
     710.558       25.400      233.402     9866.797
     711.580        4.900      196.793     9822.531
     712.596        6.900      196.793     9822.531
     713.610        4.900      196.793     9822.531
     714.629        5.900      196.793     9822.531
     715.645        3.900      196.793     9822.531
     716.665        5.900      196.793     9822.531
     717.686        4.900      196.793     9822.531
     718.702        9.800      208.715     9842.797
     719.720        6.900      196.793     9822.531
     720.736        4.900      196.793     9822.531
     721.759        5.900      196.793     9822.531
     722.778        4.900      196.793     9822.531
     723.799        4.900      196.793     9822.531
     724.814        4.900      196.793     9822.531
     725.840        6.900      196.793     9822.531
     726.854        4.900      196.793     9822.531
     727.879        4.900      196.793     9822.531
     728.899        7.800      196.793     9822.531
     729.923        5.900      196.793     9822.531
     730.947        4.900      196.793     9822.531
     731.969        4.900      196.793     9822.531
     732.989        4.900      196.793     9822.531
     734.013        3.900      196.793     9822.531
     735.034        6.900      196.793     9822.531
     736.057        3.900      196.793     9822.531
     737.076        5.900      196.793     9822.531
     738.100        5.900      196.793     9822.531
     739.124        4.900      196.793     9822.531
     740.146        4.900      196.793     9822.531
     741.167        4.900      196.793     9822.531
     742.186        3.900      196.793     9822.531
     743.201        5.900      196.793     9822.531
     744.224        4.900      196.793     9822.531
     745.238        4.900      196.793     9822.531
     746.260        7.900      196.793     9822.531
     747.274        5.900      196.793     9822.531
     748.293        3.900      196.793     9822.531
     749.309        4.900      196.793     9822.531
     750.331        4.900      196.793     9822.531
     751.351        4.900      196.793     9822.531
     752.369        3.900      196.793     9822.531
     753.390        4.900      196.793     9822.531
     754.404        5.900      196.793     9822.531
     755.422        5.900      196.793     9822.531
     756.441        6.900      196.793     9822.531
     757.463        7.900      196.793     9822.531
     758.479        4.900      196.793     9822.531
     759.497        3.900      196.793     9822.531
     760.513        4.900      196.793     9822.531
     761.530        4.900      196.793     9822.531
     762.546        5.800      196.793     9822.531
     763.578        5.800      196.793     9822.531
     764.601        4.900      196.793     9822.531
     765.632        6.900      196.793     9822.531
     766.650        6.900      196.793     9822.531
     767.671        3.900      196.793     9822.531
     768.690        5.900      196.793     9822.531
     769.746        4.700      196.793     9822.531
     770.771        5.900      196.793     9822.531
     771.789        6.900      208.758     9842.797
     772.806        4.900      196.797     9822.531
     773.821        3.900      196.797     9822.531
     774.841        7.900      196.797     9822.531
     775.859        3.900      196.797     9822.531
     776.878        4.900      196.797     9822.531
     777.897        8.800      209.898     9843.797
     778.915        3.900      196.797     9822.531
     779.936        5.900      196.797     9822.531
     780.955        6.800      196.797     9822.531
     781.986        6.900      196.797     9822.531
     783.006        4.900      196.797     9822.531
     784.033        4.900      196.797     9822.531
     785.060        4.900      196.797     9822.531
     786.083        4.900      196.797     9822.531
     787.096       50.300      244.633     9877.797
     788.111        5.900      196.816     9822.531
     789.130        5.900      196.816     9822.531
     790.150        4.900      196.816     9822.531
     791.164        6.900      196.816     9822.531
     792.180        6.800      207.957     9842.797
     793.214        3.900      196.816     9822.531
     794.231       21.600      198.105     9822.531
     795.249        6.900      198.105     9822.531
     796.273        4.900      198.105     9822.531
     797.287        4.900      198.105     9822.531
     798.307        4.900      198.105     9822.531
     799.327        3.900      198.105     9822.531
     800.344        4.000      198.105     9822.531
     801.363        5.800      198.105     9822.531
     802.387        5.900      198.105     9822.531
     803.403        7.900      198.105     9822.531
     804.422        4.900      198.105     9822.531
     805.438        3.900      198.105     9822.531
     806.454        5.900      198.105     9822.531
     807.477        5.800      198.105     9822.531
     808.505        4.900      198.105     9822.531
     809.528        5.900      198.105     9822.531
     810.556        4.900      198.105     9822.531
     811.573       21.400      198.105     9822.531
     812.599        6.900      198.105     9822.531
     813.614        5.800      198.105     9822.531
     814.640        5.900      198.105     9822.531
     815.655        4.900      198.105     9822.531
     816.678        4.900      198.105     9822.531
     817.706        3.900      198.105     9822.531
     818.722        4.900      198.105     9822.531
     819.743        4.900      198.105     9822.531
     820.762        5.900      198.105     9822.531
     821.783        3.000      198.105     9822.531
     822.798        5.900      198.105     9822.531
     823.814        5.900      198.105     9822.531
     824.840        5.900      198.105     9822.531
     825.859        4.900      198.105     9822.531
     826.874       10.800      198.109     9822.531
     827.894       19.500      198.109     9822.531
     828.922        4.900      198.109     9822.531
     829.946        6.800      198.109     9822.531
     830.970        4.900      198.109     9822.531
     831.988        4.900      198.109     9822.531
     833.011        3.900      198.109     9822.531
     834.043        6.900      198.109     9822.531
     835.060        4.900      198.109     9822.531
     836.087        6.900      198.109     9822.531
     837.102        4.900      198.109     9822.531
     838.137        4.800      198.109     9822.531
     839.158        4.900      198.109     9822.531
     840.179        4.900      198.109     9822.531
     841.198        4.900      198.109     9822.531
     842.222        4.900      198.109     9822.531
     843.244        3.900      198.109     9822.531
     844.260       20.500      198.109     9822.531
     845.284        6.900      198.109     9822.531
     846.297        3.900      198.109     9822.531
     847.321        4.900      198.109     9822.531
     848.341        5.800      198.109     9822.531
     849.369        3.900      198.109     9822.531
     850.384        4.900      198.109     9822.531
     851.406        7.800      198.109     9822.531
     852.424        5.900      198.109     9822.531
     853.450        3.900      198.109     9822.531
     854.470        6.900      210.066     9842.797
     855.491        5.900      198.109     9822.531
     856.507        6.800      198.109     9822.531
     857.529        3.900      198.109     9822.531
     858.553        4.900      198.109     9822.531
     859.566        5.900      198.109     9822.531
     860.589       24.500      198.109     9822.531
     861.608        3.900      198.109     9822.531
     862.629        5.900      198.109     9822.531
     863.647        5.900      198.109     9822.531
     864.662       53.600      243.062     9873.797
     865.688        5.900      198.152     9822.531
     866.707        3.900      198.152     9822.531
     867.722        6.900      208.758     9841.797
     868.738        5.900      198.152     9822.531
     869.754        6.800      198.562     9822.531
     870.779        3.900      199.953     9822.531
     871.793        6.800      202.531     9822.531
     872.820        6.900      202.531     9822.531
     873.836        3.900      202.531     9822.531
     874.856        4.900      202.781     9822.531
     875.875        6.900      205.102     9822.531
     876.895        7.800      221.480     9844.797
     877.914        4.900      210.520     9822.531
     878.930        4.900      213.098     9822.531
     879.944        5.900      215.676     9822.531
     880.965        4.900      218.512     9822.531
     881.987        4.900      220.832     9822.531
     883.004        5.900      223.918     9822.531
     884.028        3.900      226.754     9822.531
     885.046        4.900      229.590     9822.531
     886.070        3.900      232.168     9822.531
     887.097        5.900      234.996     9822.531
     888.117        6.900      237.574     9822.531
     889.139        5.900      240.410     9822.531
     890.156        5.900      242.988     9822.531
     891.177        3.900      245.309     9822.531
     892.205        3.900      247.621     9822.531
     893.230        5.900      250.457     9822.531
     894.251        4.900      252.262     9822.531
     895.275        5.900      255.613     9822.531
     896.298        4.900      258.707     9822.531
     897.318        4.900      261.543     9822.531
     898.335        4.900      263.855     9822.531
     899.352        6.900      266.691     9822.531
     900.370        4.900      269.527     9822.531
     901.393        4.900      272.105     9822.531
     902.413        4.900      274.426     9822.531
     903.439        7.800      277.770     9822.531
     904.463        4.900      281.121     9822.531
     905.481        4.900      283.699     9822.531
     906.495        3.900      286.535     9822.531
     907.516        4.900      289.113     9822.531
     908.539        5.900      291.941     9822.531
     909.555        3.900      294.520     9822.531
     910.581        4.900      296.840     9822.531
     911.599        4.900      299.676     9822.531
     912.622        4.900      302.254     9822.531
     913.635        4.900      304.824     9822.531
     914.660        5.800      307.402     9822.531
     915.684        6.900      309.723     9822.531
     916.701        5.900      312.301     9822.531
     917.723        9.800      317.457     9822.531
     918.739        4.900      317.457     9822.531
     919.762        4.900      317.457     9822.531
     920.783        4.900      317.457     9822.531
     921.799        4.900      317.457     9822.531
     922.821        3.900      317.457     9822.531
     923.848        5.900      317.457     9822.531
     924.867        6.800      317.457     9822.531
     925.894        4.900      317.457     9822.531
     926.916        5.800      317.457     9822.531
     927.944        3.900      317.457     9822.531
     928.971        6.900      317.457     9822.531
     929.990        5.900      317.457     9822.531
     931.015        5.900      317.457     9822.531
     932.030        5.900      317.457     9822.531
     933.044        5.900      317.457     9822.531
     934.058        5.900      317.457     9822.531
     935.075        4.900      317.457     9822.531
     936.091        5.900      317.457     9822.531
     937.105        4.900      317.457     9822.531
     938.135        4.900      317.457     9822.531
     939.156        4.900      317.457     9822.531
     940.182        4.900      317.457     9822.531
     941.196        5.900      317.457     9822.531
     942.218        5.900      317.457     9822.531
     943.239        5.900      317.457     9822.531
     944.260        3.900      317.457     9822.531
     945.288        5.900      317.457     9822.531
     946.312        4.900      317.457     9822.531
     947.338        5.900      317.457     9822.531
     948.362        4.900      317.457     9822.531
     949.374        3.900      317.457     9822.531
     950.392        4.900      317.457     9822.531
     951.416        4.900      317.457     9822.531
     952.434        4.900      317.457     9822.531
     953.453        5.900      317.457     9822.531
     954.478        5.900      317.656     9822.531
     955.503        3.900      317.656     9822.531
     956.525        4.900      317.656     9822.531
     957.545        4.900      317.656     9822.531
     958.570        4.900      317.656     9822.531
     959.588        5.900      317.656     9822.531
     960.614        3.900      317.656     9822.531
     961.631        8.900      321.781     9822.531
     962.648        3.900      321.781     9822.531
     963.668        4.900      321.781     9822.531
     964.681        3.900      321.781     9822.531
     965.696        5.900      321.781     9822.531
     966.718        3.900      321.781     9822.531
     967.733        3.900      321.781     9822.531
     968.756        4.900      321.781     9822.531
     969.771        5.800      321.781     9822.531
     970.797        4.900      321.781     9822.531
     971.814        7.800      321.781     9822.531
     972.835        3.900      321.781     9822.531
     973.862        2.900      321.781     9822.531
     974.884        4.900      321.781     9822.531
     975.907        5.900      321.781     9822.531
     976.929        5.900      321.781     9822.531
     977.959        4.900      321.781     9822.531
     978.974        3.900      321.781     9822.531
     979.996        5.900      321.781     9822.531
     981.018        3.900      321.781     9822.531
     982.040        4.900      321.781     9822.531
     983.062        4.900      321.781     9822.531
     984.079        5.900      321.781     9822.531
     985.093        5.900      321.781     9822.531
     986.119        2.900      321.781     9822.531
     987.137       14.700      340.023     9848.797
     988.152        4.900      321.797     9822.531
     989.178        3.900      321.797     9822.531
     990.200        4.900      321.797     9822.531
     991.221        7.800      321.797     9822.531
     992.248        5.900      321.797     9822.531
     993.270        4.900      321.797     9822.531
     994.290        3.900      321.797     9822.531
     995.307        6.800      321.797     9822.531
     996.339        5.900      321.797     9822.531
     997.357        5.900      321.797     9822.531
     998.373        5.900      321.797     9822.531
     999.396        5.800      321.797     9822.531
    1000.422        3.900      321.797     9822.531
    1001.440        9.800      338.559     9847.797
    1002.458        8.800      342.801     9852.797
    1003.478        7.800      321.809     9822.531
    1004.502        5.900      321.809     9822.531
    1005.527        4.900      321.809     9822.531
    1006.546        4.900      321.809     9822.531
    1007.563        5.900      321.809     9822.531
    1008.586        5.900      321.809     9822.531
    1009.618        2.900      321.809     9822.531
    1010.634        4.900      321.809     9822.531
    1011.650        5.900      321.809     9822.531
    1012.679        5.800      321.809     9822.531
    1013.703        4.900      321.809     9822.531
    1014.722        5.900      321.809     9822.531
    1015.742        4.900      321.809     9822.531
    1016.767       21.400      358.211     9866.797
    1017.785        3.900      321.836     9822.531
    1018.804        4.900      321.836     9822.531
    1019.832        3.900      321.836     9822.531
    1020.861        8.800      332.977     9841.797
    1021.881        4.900      321.836     9822.531
    1022.899        4.000      321.836     9822.531
    1023.912        5.900      321.836     9822.531
    1024.939        5.900      321.836     9822.531
    1025.955        5.800      321.836     9822.531
    1026.980        3.900      321.836     9822.531
    1028.005        5.900      321.836     9822.531
    1029.024        3.900      321.836     9822.531
    1030.046        4.900      321.836     9822.531
    1031.068        4.900      321.836     9822.531
    1032.089        3.900      321.836     9822.531
    1033.108        3.900      321.836     9822.531
    1034.133        6.900      321.836     9822.531
    1035.150        3.900      321.836     9822.531
    1036.179        5.800      321.836     9822.531
    1037.206        4.900      321.836     9822.531
    1038.227        4.900      321.836     9822.531
    1039.243       10.800      342.812     9851.797
    1040.262        4.900      321.844     9822.531
    1041.282        3.900      321.844     9822.531
    1042.301        3.900      321.844     9822.531
    1043.314        4.900      321.844     9822.531
    1044.340        4.900      321.844     9822.531
    1045.361        6.800      323.906     9822.531
    1046.382        4.900      323.906     9822.531
    1047.406        6.800      323.906     9822.531
    1048.431        4.900      323.906     9822.531
    1049.451        6.800      323.906     9822.531
    1050.475        5.900      323.906     9822.531
    1051.498        4.900      323.906     9822.531
    1052.522        6.900      323.906     9822.531
    1053.540        5.800      323.906     9822.531
    1054.567        5.900      323.906     9822.531
    1055.596        4.900      323.906     9822.531
    1056.611        4.900      323.906     9822.531
    1057.630        7.900      323.906     9822.531
    1058.666        3.900      323.906     9822.531
    1059.684        5.800      323.906     9822.531
    1060.714        4.900      323.906     9822.531
    1061.730        3.900      323.906     9822.531
    1062.759        4.900      323.906     9822.531
    1063.779        5.900      323.906     9822.531
    1064.792        4.900      323.906     9822.531
    1065.814        3.900      323.906     9822.531
    1066.832        5.900      323.906     9822.531
    1067.854        4.900      323.906     9822.531
    1068.872        3.900      323.906     9822.531
    1069.902        5.900      323.906     9822.531
    1070.918        4.900      323.906     9822.531
    1071.937        5.900      323.906     9822.531
    1072.956        4.900      323.906     9822.531
    1073.977        5.900      323.906     9822.531
    1074.995        4.900      323.906     9822.531
    1076.010        3.900      323.906     9822.531
    1077.030        3.900      323.906     9822.531
    1078.050        5.900      323.906     9822.531
    1079.072        4.900      323.906     9822.531
    1080.090        4.900      323.906     9822.531
    1081.103        5.900      323.906     9822.531
    1082.119        3.900      323.906     9822.531
    1083.137        4.900      323.906     9822.531
    1084.155        3.900      323.906     9822.531
    1085.175        8.800      323.906     9822.531
    1086.193        4.900      323.906     9822.531
    1087.215        4.900      323.906     9822.531
    1088.232        5.900      323.906     9822.531
    1089.251        3.900      323.906     9822.531
    1090.272        5.900      323.906     9822.531
    1091.292        4.900      323.906     9822.531
    1092.315        4.900      323.906     9822.531
    1093.329        5.800      323.906     9822.531
    1094.358        6.900      323.906     9822.531
    1095.375        4.900      323.906     9822.531
    1096.389        4.900      323.906     9822.531
    1097.406        3.900      323.906     9822.531
    1098.433        5.900      323.906     9822.531
    1099.458        3.900      323.906     9822.531
    1100.477        4.900      323.906     9822.531
    1101.495        4.900      323.906     9822.531
    1102.526        3.900      323.906     9822.531
    1103.548        4.900      323.906     9822.531
    1104.575        4.900      323.906     9822.531
    1105.588        8.900      323.906     9822.531
    1106.601        3.900      323.906     9822.531
    1107.651        5.700      323.906     9822.531
    1108.675        5.900      323.906     9822.531
    1109.698        4.900      323.906     9822.531
    1110.716        4.900      323.906     9822.531
    1111.742        4.900      323.906     9822.531
    1112.761        4.900      323.906     9822.531
    1113.781        4.900      323.906     9822.531
    1114.800        4.900      323.906     9822.531
    1115.827        5.900      323.906     9822.531
    1116.850        4.900      323.906     9822.531
    1117.873        4.900      323.906     9822.531
    1118.902        5.900      323.906     9822.531
    1119.917        5.900      323.906     9822.531
    1120.933        5.900      323.906     9822.531
    1121.957        5.900      323.906     9822.531
    1123.003        4.800      323.906     9822.531
    1124.020        4.900      323.906     9822.531
    1125.043        4.900      323.906     9822.531
    1126.064        5.900      323.906     9822.531
    1127.076        4.900      323.906     9822.531
    1128.099        9.900      325.453     9822.531
    1129.111        4.900      325.453     9822.531
    1130.134        3.900      325.453     9822.531
    1131.156        3.900      325.453     9822.531
    1132.180        3.900      325.453     9822.531
    1133.195        4.900      325.453     9822.531
    1134.215        4.900      325.453     9822.531
    1135.234        4.900      325.453     9822.531
    1136.255        5.800      325.453     9822.531
    1137.281        4.900      325.453     9822.531
    1138.306        5.900      325.453     9822.531
    1139.324        5.800      325.453     9822.531
    1140.357        2.900      325.453     9822.531
    1141.381        3.900      325.453     9822.531
    1142.400        4.900      325.453     9822.531
    1143.415        4.900      325.453     9822.531
    1144.430        5.900      325.453     9822.531
    1145.446        2.900      325.453     9822.531
    1146.471        5.800      325.453     9822.531
    1147.499        4.900      325.453     9822.531
    1148.518        3.900      325.453     9822.531
    1149.533        4.900      325.453     9822.531
    1150.555        5.900      325.453     9822.531
    1151.576        4.900      325.453     9822.531
    1152.594        4.900      325.453     9822.531
    1153.616        4.900      325.453     9822.531
    1154.636        4.900      325.453     9822.531
    1155.651        3.900      325.453     9822.531
    1156.668        4.900      325.453     9822.531
    1157.690        4.900      325.453     9822.531
    1158.715        3.900      325.453     9822.531
    1159.733        4.900      325.453     9822.531
    1160.752        4.900      325.453     9822.531
    1161.768        5.900      325.453     9822.531
    1162.788        3.900      325.453     9822.531
    1163.818        3.900      325.453     9822.531
    1164.836        3.900      325.453     9822.531
    1165.853        4.900      325.453     9822.531
    1166.875        2.900      325.453     9822.531
    1167.892        5.900      325.453     9822.531
    1168.906        4.900      325.453     9822.531
    1169.931        9.800      325.453     9822.531
    1170.955        4.900      325.453     9822.531
    1171.974        3.900      325.453     9822.531
    1172.994        3.900      325.453     9822.531
    1174.018        5.900      325.453     9822.531
    1175.043        3.900      325.453     9822.531
    1176.069        4.900      325.453     9822.531
    1177.090        4.900      325.453     9822.531
    1178.112        5.900      325.453     9822.531
    1179.133        3.900      325.453     9822.531
    1180.153        5.900      325.453     9822.531
    1181.178        4.900      325.453     9822.531
    1182.198        5.900      325.453     9822.531
    1183.222        4.900      325.453     9822.531
    1184.243        5.900      325.453     9822.531
    1185.264        5.900      325.453     9822.531
    1186.279        5.900      325.453     9822.531
    1187.299        3.900      325.453     9822.531
    1188.318        6.900      325.453     9822.531
    1189.340        3.900      325.453     9822.531
    1190.354        5.900      325.453     9822.531
    1191.378        5.900      325.453     9822.531
    1192.391        5.900      325.453     9822.531
    1193.417        5.900      325.453     9822.531
    1194.437        3.900      325.453     9822.531
    1195.451        5.900      325.453     9822.531
    1196.471        4.900      325.453     9822.531
    1197.494        4.900      325.453     9822.531
    1198.512        5.900      325.453     9822.531
    1199.533        3.000      325.453     9822.531
    1200.544        4.900      325.453     9822.531
    1201.566        4.900      325.453     9822.531
    1202.586        4.900      325.453     9822.531
    1203.604        6.900      325.453     9822.531
    1204.624        3.900      325.453     9822.531
    1205.649        4.900      325.453     9822.531
    1206.672        5.900      325.453     9822.531
    1207.691        4.900      325.453     9822.531
    1208.706        4.900      325.453     9822.531
    1209.720        8.800      327.516     9822.531
    1210.744        4.900      327.516     9822.531
    1211.765        4.900      327.516     9822.531
    1212.785        5.900      327.516     9822.531
    1213.804        3.900      327.516     9822.531
    1214.836        3.900      327.516     9822.531
    1215.852        5.800      327.516     9822.531
    1216.877        4.900      327.516     9822.531
    1217.898        4.900      327.516     9822.531
    1218.917        5.900      327.516     9822.531
    1219.937        3.900      327.516     9822.531
    1220.962        4.900      327.516     9822.531
    1221.980        5.900      327.516     9822.531
    1222.993        3.900      327.516     9822.531
    1224.014        4.900      327.516     9822.531
    1225.043        3.900      327.516     9822.531
    1226.070        4.900      327.516     9822.531
    1227.089        3.900      327.516     9822.531
    1228.116        4.900      327.516     9822.531
    1229.141        6.800      327.516     9822.531
    1230.161        4.900      327.516     9822.531
    1231.180        4.900      327.516     9822.531
    1232.203        6.900      327.516     9822.531
    1233.225        3.900      327.516     9822.531
    1234.254        4.900      327.516     9822.531
    1235.270        4.900      327.516     9822.531
    1236.286        2.900      327.516     9822.531
    1237.305        4.800      327.516     9822.531
    1238.335        5.900      327.516     9822.531
    1239.358        4.900      327.516     9822.531
    1240.382        5.900      327.516     9822.531
    1241.403        4.900      327.516     9822.531
    1242.418        3.900      327.516     9822.531
    1243.435        4.900      327.516     9822.531
    1244.457        4.900      327.516     9822.531
    1245.479        4.000      327.516     9822.531
    1246.492        6.900      327.516     9822.531
    1247.510        3.900      327.516     9822.531
    1248.531        4.900      327.516     9822.531
    1249.554        4.900      327.516     9822.531
    1250.577        4.900      327.516     9822.531
    1251.590       12.800      327.516     9822.531
    1252.607        4.900      327.516     9822.531
    1253.629        6.800      327.516     9822.531
    1254.650        3.900      327.516     9822.531
    1255.670        4.900      327.516     9822.531
    1256.697        3.900      327.516     9822.531
    1257.720        3.900      327.516     9822.531
    1258.747        4.900      327.516     9822.531
    1259.764        3.900      327.516     9822.531
    1260.782        4.900      327.516     9822.531
    1261.802        4.900      327.516     9822.531
    1262.821        5.900      327.516     9822.531
    1263.845        4.900      327.516     9822.531
    1264.863        3.900      327.516     9822.531
    1265.888        5.900      327.516     9822.531
    1266.902        4.900      327.516     9822.531
    1267.915        4.900      327.516     9822.531
    1268.933        4.900      327.516     9822.531
    1269.953        4.900      327.516     9822.531
    1270.973        3.900      327.516     9822.531
    1271.995        4.900      327.516     9822.531
    1273.023        2.900      327.516     9822.531
    1274.043        6.800      327.516     9822.531
    1275.069        4.900      327.516     9822.531
    1276.082        5.900      327.516     9822.531
    1277.107        5.800      327.516     9822.531
    1278.134        3.900      327.516     9822.531
    1279.153        4.900      327.516     9822.531
    1280.174        4.900      327.516     9822.531
    1281.192        4.900      327.516     9822.531
    1282.207        4.900      327.516     9822.531
    1283.231        6.800      327.516     9822.531
    1284.256        4.900      327.516     9822.531
    1285.277        5.900      327.516     9822.531
    1286.297        4.900      327.516     9822.531
    1287.313        5.900      327.516     9822.531
    1288.336        5.900      327.516     9822.531
    1289.354        4.900      327.516     9822.531
    1290.372        9.800      328.805     9822.531
    1291.392        8.800      342.453     9844.797
    1292.414        4.900      328.809     9822.531
    1293.445        6.800      328.809     9822.531
    1294.465        4.900      328.809     9822.531
    1295.485        4.900      328.809     9822.531
    1296.503        3.900      328.809     9822.531
    1297.522        5.900      328.809     9822.531
    1298.540       44.300      373.547     9874.797
    1299.555        8.900      373.820     9874.797
    1300.571        6.800      328.832     9822.531
    1301.593        2.900      328.832     9822.531
    1302.616        3.900      328.832     9822.531
    1303.631        5.900      328.832     9822.531
    1304.655        5.900      328.832     9822.531
    1305.673        5.900      328.832     9822.531
    1306.694        4.900      328.832     9822.531
    1307.710        5.900      328.832     9822.531
    1308.738        4.900      328.832     9822.531
    1309.758        4.900      328.832     9822.531
    1310.777        6.900      328.832     9822.531
    1311.793        6.900      328.832     9822.531
    1312.814        3.900      328.832     9822.531
    1313.840        4.900      328.832     9822.531
    1314.866        5.900      328.832     9822.531
    1315.882        6.900      328.832     9822.531
    1316.899        5.900      328.832     9822.531
    1317.918        5.900      328.832     9822.531
    1318.938        4.900      328.832     9822.531
    1319.956        4.900      328.832     9822.531
    1320.979        5.800      328.832     9822.531
    1322.005        3.900      328.832     9822.531
    1323.029        4.900      328.832     9822.531
    1324.054        6.900      328.832     9822.531
    1325.076        3.900      328.832     9822.531
    1326.100        5.900      328.832     9822.531
    1327.116        6.800      328.832     9822.531
    1328.138        5.900      328.832     9822.531
    1329.154        6.900      328.832     9822.531
    1330.175        3.900      328.832     9822.531
    1331.198       10.900      328.832     9822.531
    1332.211        3.900      328.832     9822.531
    1333.231        4.900      328.832     9822.531
    1334.252        5.900      328.832     9822.531
    1335.266        4.900      328.832     9822.531
    1336.280        3.900      328.832     9822.531
    1337.307        4.900      328.832     9822.531
    1338.326        5.900      328.832     9822.531
    1339.351        4.900      328.832     9822.531
    1340.367        4.900      328.832     9822.531
    1341.389        4.900      328.832     9822.531
    1342.417        4.900      328.832     9822.531
    1343.433        4.900      328.832     9822.531
    1344.459        4.900      338.922     9841.797
    1345.482       19.700      364.422     9865.797
    1346.502        5.900      328.836     9822.531
    1347.522        3.900      328.836     9822.531
    1348.544        4.900      328.836     9822.531
    1349.572        3.900      328.836     9822.531
    1350.600        4.900      328.836     9822.531
    1351.618        4.900      328.836     9822.531
    1352.646        3.900      328.836     9822.531
    1353.660        6.900      338.480     9841.797
    1354.678       33.500      373.379     9873.797
    1355.695       24.600      364.961     9865.797
    1356.712        6.800      328.871     9822.531
    1357.735        5.900      328.871     9822.531
    1358.747        4.900      328.871     9822.531
    1359.769        2.900      328.871     9822.531
    1360.790        5.900      328.871     9822.531
    1361.811        3.900      328.871     9822.531
    1362.826        5.900      328.871     9822.531
    1363.846        3.900      328.871     9822.531
    1364.869        5.900      328.871     9822.531
    1365.885        3.900      328.871     9822.531
    1366.901        3.900      328.871     9822.531
    1367.927        4.900      328.871     9822.531
    1368.944        6.900      340.715     9842.797
    1369.961        5.900      328.871     9822.531
    1370.977        5.900      328.871     9822.531
    1371.991        7.900      329.129     9822.531
    1373.009        4.900      329.129     9822.531
    1374.039        4.900      329.129     9822.531
    1375.060        4.900      329.129     9822.531
    1376.071        5.900      329.129     9822.531
    1377.087        4.900      329.129     9822.531
    1378.102        4.900      329.129     9822.531
    1379.116        6.800      329.129     9822.531
    1380.145        6.800      329.129     9822.531
    1381.171        5.900      329.129     9822.531
    1382.196        3.900      329.129     9822.531
    1383.219        4.900      329.129     9822.531
    1384.238        4.900      329.129     9822.531
    1385.265        5.900      329.129     9822.531
    1386.286        4.900      329.129     9822.531
    1387.301        4.900      329.129     9822.531
    1388.324        4.900      329.129     9822.531
    1389.350        4.900      329.129     9822.531
    1390.366        3.900      329.129     9822.531
    1391.379        4.900      329.129     9822.531
    1392.400        5.900      329.129     9822.531
    1393.418        5.900      329.129     9822.531
    1394.434        5.900      329.129     9822.531
    1395.460        2.900      329.129     9822.531
    1396.480        4.000      329.129     9822.531
    1397.493        5.900      329.129     9822.531
    1398.517        4.900      329.129     9822.531
    1399.538        4.900      329.129     9822.531
    1400.558        4.900      329.129     9822.531
    1401.581        4.900      329.129     9822.531
    1402.599        3.900      329.129     9822.531
    1403.622        5.900      329.129     9822.531
    1404.644        4.900      329.129     9822.531
    1405.664        4.900      329.129     9822.531
    1406.690        4.900      329.129     9822.531
    1407.710        5.900      329.129     9822.531
    1408.729        4.900      329.129     9822.531
    1409.754        5.800      329.129     9822.531
    1410.782        4.900      329.129     9822.531
    1411.798        8.900      329.129     9822.531
    1412.814        4.900      329.129     9822.531
    1413.830        4.900      329.129     9822.531
    1414.849        6.900      329.129     9822.531
    1415.863        3.900      329.129     9822.531
    1416.886        5.800      329.129     9822.531
    1417.913        4.900      329.129     9822.531
    1418.934        6.800      329.129     9822.531
    1419.959        4.900      329.129     9822.531
    1420.974        4.900      329.129     9822.531
    1421.997        2.900      329.129     9822.531
    1423.017        5.900      329.129     9822.531
    1424.045        4.900      329.129     9822.531
    1425.062        6.900      329.129     9822.531
    1426.083        3.900      329.129     9822.531
    1427.100        6.900      329.129     9822.531
    1428.119        3.900      329.129     9822.531
    1429.135        4.900      329.129     9822.531
    1430.150        3.900      329.129     9822.531
    1431.173        4.900      329.129     9822.531
    1432.198        4.900      329.129     9822.531
    1433.222        4.900      329.129     9822.531
    1434.245        6.900      329.129     9822.531
    1435.276        6.700      329.129     9822.531
    1436.305        3.900      329.129     9822.531
    1437.330        3.900      329.129     9822.531
    1438.366        3.900      329.129     9822.531
    1439.387        5.900      329.129     9822.531
    1440.427        6.800      329.129     9822.531
    1441.444        6.900      329.129     9822.531
    1442.457        5.900      329.129     9822.531
    1443.481        6.900      329.129     9822.531
    1444.496        4.900      329.129     9822.531
    1445.518        4.900      329.129     9822.531
    1446.534        3.900      329.129     9822.531
    1447.556        4.900      329.129     9822.531
    1448.578        4.900      329.129     9822.531
    1449.599        4.900      329.129     9822.531
    1450.619        3.900      329.129     9822.531
    1451.648       17.700      346.281     9847.797
    1452.662        4.900      329.391     9822.531
    1453.683        4.900      329.391     9822.531
    1454.698        5.900      329.391     9822.531
    1455.719        4.900      329.391     9822.531
    1456.746        4.900      329.391     9822.531
    1457.771        4.900      329.391     9822.531
    1458.793        4.900      329.391     9822.531
    1459.817        4.900      329.391     9822.531
    1460.831        3.900      329.391     9822.531
    1461.854        7.800      329.391     9822.531
    1462.875        3.900      329.391     9822.531
    1463.896        6.900      329.391     9822.531
    1464.915        3.900      329.391     9822.531
    1465.933        5.900      329.391     9822.531
    1466.947        3.900      329.391     9822.531
    1467.971        3.900      329.391     9822.531
    1469.000        4.900      329.391     9822.531
    1470.018        4.900      329.391     9822.531
    1471.037        3.900      329.391     9822.531
    1472.062        5.900      329.391     9822.531
    1473.076        4.900      329.391     9822.531
    1474.100        5.900      329.391     9822.531
    1475.117        5.900      329.391     9822.531
    1476.140        5.900      329.391     9822.531
    1477.159        4.900      329.391     9822.531
    1478.184        4.900      329.391     9822.531
    1479.203        3.900      329.391     9822.531
    1480.220        3.900      329.391     9822.531
    1481.235        5.900      329.391     9822.531
    1482.258        4.900      329.391     9822.531
    1483.276        3.900      329.391     9822.531
    1484.293        4.000      329.391     9822.531
    1485.307        6.900      329.391     9822.531
    1486.324        2.900      329.391     9822.531
    1487.342        4.900      329.391     9822.531
    1488.359        3.900      329.391     9822.531
    1489.378        4.900      329.391     9822.531
    1490.401        4.900      329.391     9822.531
    1491.419       11.800      329.402     9822.531
    1492.437        4.900      329.402     9822.531
    1493.457        4.900      329.402     9822.531
    1494.474        5.900      329.402     9822.531
    1495.491        5.900      329.402     9822.531
    1496.518        4.900      329.402     9822.531
    1497.541        4.900      329.402     9822.531
    1498.563        6.800      329.402     9822.531
    1499.592        4.900      329.402     9822.531
