# Elapsed time   CPU (%)     Real (MB)   Virtual (MB)
       0.000        0.000       30.195     8792.730
       0.121      169.400       64.090     9111.645
       0.234      230.400       87.293     9195.645
       0.342      284.200      107.238     9198.645
       0.451      266.500      119.629     9653.699
       0.560      255.600      128.289     9721.707
       0.669      244.900      131.355     9721.707
       0.779      255.000      141.727     9721.707
       0.889      249.700      145.188     9723.707
       0.997      268.200      148.168     9723.707
       1.106      234.900      162.711     9796.707
       1.217      241.300      172.191     9796.707
       1.328      228.300      184.652     9796.707
       1.437      251.100      202.879     9796.707
       1.545      251.000      212.754     9796.707
       1.652      263.100      222.648     9796.707
       1.764      259.300      234.648     9800.707
       1.879      236.500      244.605     9800.707
       1.989      237.500      255.516     9799.707
       2.099      257.200      267.117     9799.707
       2.208      218.800      280.637     9799.707
       2.318      201.600      298.207     9807.707
       2.425      222.800      303.848     9872.707
       2.539      295.700      215.605    10067.730
       2.649      229.000      179.852    10067.730
       2.759      254.700      187.051    10067.785
       2.869      232.800      193.824    10068.785
       2.985      281.200      198.941    10068.785
       3.095      140.900      200.027    10263.785
       3.209       27.200      200.027    10263.785
