# Elapsed time   CPU (%)     Real (MB)   Virtual (MB)
       0.002        0.000       27.090     8061.840
       1.024      230.700      114.594     9003.656
       2.065      233.600      138.617     9524.719
       3.094      217.700      155.711     9597.719
       4.113      233.600      206.555     9600.719
       5.141      221.800      239.023     9600.719
       6.169      203.500      279.457     9608.719
       7.202      208.300      173.457     9873.742
       8.218      227.900      201.996     9877.797
       9.237       59.500      201.129     9874.797
      10.260       48.200      202.766     9874.797
      11.277       37.900      206.500     9874.797
      12.308       32.400      208.113     9874.797
      13.326       29.300      210.133     9874.797
      14.350       18.500      211.051     9874.797
      15.379       39.300      213.273     9874.797
      16.395       32.200      215.426     9874.797
      17.418       78.600      216.527     9873.797
      18.436       25.500      217.516     9872.797
      19.457       35.300      218.207     9871.797
      20.478       22.600      220.320     9871.797
      21.497       42.300      229.023     9871.797
      22.511       38.700      229.125     9871.797
      23.546       41.400      229.387     9871.797
      24.562       23.500      229.457     9871.797
      25.592       30.200      229.699     9871.797
      26.608       17.700      231.430     9871.797
      27.626       33.900      232.195     9871.797
      28.659       28.200      232.234     9871.797
      29.683       29.300      232.266     9871.797
      30.707       20.700      232.512     9871.797
      31.724       13.600      232.590     9871.797
      32.750       37.500      232.590     9871.797
      33.763       28.600      232.590     9871.797
      34.778       18.800      232.750     9871.797
      35.792       27.400      232.750     9871.797
      36.814       21.500      233.508     9871.797
      37.834       20.400      235.500     9871.797
      38.869       17.500      235.543     9871.797
      39.889       15.700      235.613     9871.797
      40.908       33.100      235.660     9871.797
      41.935       27.500      235.660     9871.797
      42.954       30.300      235.699     9871.797
      43.976       22.300      235.730     9871.797
      45.006        8.800      235.730     9871.797
      46.027       20.500      234.742     9870.797
      47.057       20.500      234.742     9870.797
      48.079       28.400      234.742     9870.797
      49.101       20.700      234.742     9870.797
      50.113       37.200      234.742     9870.797
      51.137       10.800      234.801     9870.797
      52.152       24.400      235.156     9870.797
      53.178       72.100      238.320     9875.797
      54.203       11.700      239.426     9875.797
      55.225       15.600      239.426     9875.797
      56.251       31.500      239.336     9874.797
      57.265       38.100      239.336     9874.797
      58.289       34.400      238.473     9873.797
      59.307        9.800      238.473     9873.797
      60.324       11.700      238.473     9873.797
      61.345       46.200      239.559     9874.797
      62.365       31.400      238.652     9873.797
      63.384       18.600      238.652     9873.797
      64.406       17.700      238.652     9873.797
      65.423       21.400      237.750     9872.797
      66.447       21.700      237.750     9872.797
      67.464       46.600      236.582     9871.797
      68.493       19.700      236.812     9871.797
      69.507        9.800      234.824     9869.797
      70.524        8.900      234.824     9869.797
      71.539       28.200      233.828     9868.797
      72.565       10.700      233.828     9868.797
      73.597        5.900      233.828     9868.797
      74.624       15.700      233.828     9868.797
      75.642       24.600      233.855     9868.797
      76.658       11.800      233.855     9868.797
      77.677        7.800      233.855     9868.797
      78.699        9.800      233.855     9868.797
      79.715       10.800      233.855     9868.797
      80.737        8.900      233.855     9868.797
      81.755        6.900      193.348     9822.531
      82.770       64.500      258.535     9894.797
      83.793       42.300      237.992     9873.797
      84.812       16.600      238.039     9873.797
      85.835        8.900      238.039     9873.797
      86.850        6.800      238.039     9873.797
      87.877        7.800      238.039     9873.797
      88.900       26.400      237.406     9873.797
      89.929        5.900      193.508     9822.531
      90.944       32.500      235.375     9873.797
      91.962       28.600      248.383     9884.797
      92.976       20.500      238.109     9873.797
      94.000       23.400      238.109     9873.797
      95.024        8.800      193.645     9822.531
      96.050       47.000      238.340     9873.797
      97.070        6.900      238.340     9873.797
      98.086        7.800      193.660     9822.531
      99.111       16.700      221.629     9860.797
     100.127       18.500      230.484     9866.797
     101.159        6.900      193.680     9822.531
     102.173       10.700      213.062     9850.797
     103.199       12.600      224.805     9863.797
     104.228        8.800      193.707     9822.531
     105.249       30.300      228.828     9864.797
     106.269       10.800      229.086     9864.797
     107.289       33.300      230.125     9865.797
     108.310       26.500      231.152     9866.797
     109.326        7.800      193.809     9822.531
     110.353        7.900      205.930     9842.797
     111.372        9.800      208.539     9845.797
     112.394       19.600      228.977     9865.797
     113.415        6.800      228.977     9865.797
     114.445        6.900      229.230     9865.797
     115.466        5.900      229.684     9865.797
     116.490        5.900      229.684     9865.797
     117.530        5.800      229.684     9865.797
     118.546        7.800      193.844     9822.531
     119.566       21.500      223.160     9860.797
     120.598        9.700      193.855     9822.531
     121.623       10.800      208.391     9845.797
     122.640        7.900      205.352     9845.797
     123.659       10.700      210.191     9851.797
     124.682        7.900      212.816     9854.797
     125.695       16.700      225.691     9865.797
     126.714       35.100      230.590     9865.797
     127.744       95.800      267.859     9902.797
     128.765        5.800      193.945     9822.531
     129.796       26.500      226.121     9863.797
     130.816       16.600      227.133     9863.797
     131.838        7.800      227.133     9863.797
     132.858       10.700      227.133     9863.797
     133.886        4.900      227.133     9863.797
     134.908        4.900      193.984     9822.531
     135.931       11.700      209.500     9846.797
     136.962        7.800      211.188     9848.797
     137.989        6.900      211.188     9848.797
     139.007        5.800      211.188     9848.797
     140.035       21.500      227.875     9865.797
     141.054        5.900      228.117     9865.797
     142.075        6.900      194.004     9822.531
     143.099        5.900      194.004     9822.531
     144.115       22.500      226.262     9863.797
     145.136       24.400      229.109     9865.797
     146.160        9.800      229.672     9865.797
     147.181        5.800      194.039     9822.531
     148.209        5.900      194.039     9822.531
     149.227        6.900      194.039     9822.531
     150.248       21.500      226.070     9862.797
     151.269       36.400      240.648     9875.797
     152.286        5.900      194.203     9822.531
     153.307        9.800      209.043     9846.797
     154.327        7.800      212.387     9850.797
     155.349        5.800      212.949     9851.797
     156.374       25.500      235.852     9873.797
     157.394       18.400      238.242     9874.797
     158.423       29.500      230.645     9867.797
     159.440        5.900      194.285     9822.531
     160.471        4.800      194.285     9822.531
     161.491       27.600      230.129     9865.797
     162.507       13.700      231.227     9866.797
     163.527        9.800      231.855     9866.797
     164.545        8.800      231.855     9866.797
     165.571        5.900      231.855     9866.797
     166.597        6.900      194.316     9822.531
     167.616        6.900      194.316     9822.531
     168.634       10.800      206.699     9843.797
     169.656       14.700      220.375     9856.797
     170.678        6.900      194.332     9822.531
     171.693        4.900      194.332     9822.531
     172.719        7.800      194.332     9822.531
     173.739        6.900      194.332     9822.531
     174.759        4.900      194.332     9822.531
     175.786        6.800      205.383     9841.797
     176.812        6.800      194.332     9822.531
     177.834        3.900      194.332     9822.531
     178.869        5.800      194.332     9822.531
     179.893        9.800      207.535     9843.797
     180.913        6.900      194.336     9822.531
     181.936       10.700      209.609     9846.797
     182.962       14.800      215.262     9852.797
     183.978        6.800      215.520     9853.797
     185.001        7.800      215.520     9853.797
     186.030       34.000      235.398     9871.797
     187.061        7.800      194.375     9822.531
     188.084        5.900      194.375     9822.531
     189.103       29.400      236.012     9871.797
     190.120       10.800      236.012     9871.797
     191.140        5.900      194.414     9822.531
     192.164       24.400      230.027     9865.797
     193.183        7.900      206.852     9843.797
     194.200        5.900      194.422     9822.531
     195.216        8.800      207.609     9843.797
     196.239        5.900      194.422     9822.531
     197.260        6.900      194.422     9822.531
     198.276        5.900      194.422     9822.531
     199.292        4.900      194.422     9822.531
     200.318        6.900      194.422     9822.531
     201.340        4.900      194.422     9822.531
     202.354        5.900      194.422     9822.531
     203.373        6.800      194.422     9822.531
     204.398        8.800      194.422     9822.531
     205.424        5.900      194.422     9822.531
     206.437        4.900      194.422     9822.531
     207.461        5.900      194.422     9822.531
     208.478        5.900      194.422     9822.531
     209.500        4.900      194.422     9822.531
     210.518        7.800      194.422     9822.531
     211.539        5.900      194.422     9822.531
     212.561        4.900      194.422     9822.531
     213.578       11.700      213.379     9849.797
     214.601        5.900      194.426     9822.531
     215.624       16.600      221.137     9857.797
     216.648        6.800      194.691     9822.531
     217.674        7.900      205.926     9843.797
     218.688       11.800      213.820     9851.797
     219.703       12.800      225.051     9863.797
     220.722        6.900      225.051     9863.797
     221.741        8.900      225.805     9863.797
     222.759       50.700      233.336     9867.797
     223.780        8.800      233.336     9867.797
     224.808        5.800      233.336     9867.797
     225.840        5.900      233.375     9867.797
     226.861       14.800      233.891     9867.797
     227.873       23.700      233.945     9867.797
     228.889        6.900      195.391     9822.531
     229.907        5.800      195.391     9822.531
     230.933        5.900      195.391     9822.531
     231.956       14.600      218.484     9853.797
     232.978        7.800      195.395     9822.531
     234.004        3.900      195.395     9822.531
     235.020        5.900      195.395     9822.531
     236.042        5.800      195.395     9822.531
     237.068       26.300      231.164     9865.797
     238.095        5.800      195.664     9822.531
     239.122        4.900      195.664     9822.531
     240.136        9.800      210.629     9845.797
     241.153        4.900      210.629     9845.797
     242.172        4.900      210.629     9845.797
     243.196        5.900      210.629     9845.797
     244.217        4.900      210.629     9845.797
     245.232        6.900      213.496     9848.797
     246.246        5.900      195.664     9822.531
     247.264        6.900      195.664     9822.531
     248.281        5.800      195.664     9822.531
     249.310        6.900      195.664     9822.531
     250.329        5.800      195.664     9822.531
     251.356        4.900      195.664     9822.531
     252.380        6.800      208.070     9843.797
     253.402        4.900      195.664     9822.531
     254.429        8.700      207.469     9842.797
     255.457        5.900      195.664     9822.531
     256.476        5.900      195.664     9822.531
     257.495       12.800      211.570     9848.797
     258.509       26.500      228.836     9865.797
     259.526        8.800      230.641     9865.797
     260.551        6.900      195.949     9822.531
     261.570        4.900      195.949     9822.531
     262.587        4.900      195.949     9822.531
     263.607       15.700      224.594     9860.797
     264.626       13.700      231.648     9866.797
     265.646       12.800      214.641     9849.797
     266.665        4.000      195.977     9822.531
     267.678       30.500      234.945     9868.797
     268.692        5.900      196.258     9822.531
     269.720        6.800      196.258     9822.531
     270.739        4.900      196.258     9822.531
     271.767       19.600      231.590     9865.797
     272.785        7.800      232.102     9865.797
     273.811        6.800      196.273     9822.531
     274.838        4.900      196.273     9822.531
     275.867        9.800      215.672     9850.797
     276.885       14.700      225.414     9859.797
     277.908        5.900      225.672     9859.797
     278.927        4.900      225.672     9859.797
     279.946        3.900      225.672     9859.797
     280.965        5.900      225.672     9859.797
     281.983        6.900      225.672     9859.797
     282.998        4.900      196.535     9822.531
     284.033        5.800      196.535     9822.531
     285.050        5.900      196.535     9822.531
     286.066        6.800      196.535     9822.531
     287.094        8.800      197.051     9822.531
     288.117        5.900      197.051     9822.531
     289.136        5.800      197.051     9822.531
     290.162        4.900      197.051     9822.531
     291.178        5.900      197.051     9822.531
     292.196        6.900      197.051     9822.531
     293.212       34.400      233.914     9867.797
     294.229        4.900      197.062     9822.531
     295.245        6.900      197.062     9822.531
     296.264        5.900      197.062     9822.531
     297.282        7.900      197.062     9822.531
     298.299        6.900      197.062     9822.531
     299.321        4.900      197.062     9822.531
     300.337        6.900      197.062     9822.531
     301.361        4.900      197.062     9822.531
     302.381        7.900      197.062     9822.531
     303.399        5.900      197.062     9822.531
     304.416        5.800      197.062     9822.531
     305.444        4.900      197.062     9822.531
     306.465        8.900      209.766     9843.797
     307.481        4.900      197.324     9822.531
     308.508        5.900      197.324     9822.531
     309.530        4.900      197.324     9822.531
     310.557        7.700      197.324     9822.531
     311.589        4.900      197.324     9822.531
     312.610        4.900      197.324     9822.531
     313.630        8.800      209.250     9842.797
     314.651        5.800      197.324     9822.531
     315.688        5.900      197.324     9822.531
     316.709        5.800      197.582     9822.531
     317.737        8.800      210.219     9843.797
     318.752        5.900      197.582     9822.531
     319.772        5.900      197.582     9822.531
     320.790        5.900      197.582     9822.531
     321.804        5.900      197.582     9822.531
     322.827        5.900      197.582     9822.531
     323.847        5.900      197.582     9822.531
     324.866        4.900      197.582     9822.531
     325.885        4.900      197.840     9822.531
     326.912        6.800      197.840     9822.531
     327.932        5.900      197.840     9822.531
     328.950        3.900      197.840     9822.531
     329.979        5.900      197.840     9822.531
     330.996        5.900      197.840     9822.531
     332.016        5.800      197.840     9822.531
     333.045        5.800      197.840     9822.531
     334.073        4.900      197.840     9822.531
     335.089        7.800      197.879     9822.531
     336.111       27.500      233.258     9865.797
     337.131        4.900      197.914     9822.531
     338.148        6.900      197.914     9822.531
     339.169        4.900      197.914     9822.531
     340.192        6.800      197.914     9822.531
     341.223        4.900      197.914     9822.531
     342.248        4.900      197.914     9822.531
     343.267        7.800      208.859     9841.797
     344.286        8.800      208.859     9841.797
     345.310        6.800      209.117     9841.797
     346.331        5.800      209.117     9841.797
     347.356        4.900      209.117     9841.797
     348.371        6.800      209.117     9841.797
     349.397        4.900      209.117     9841.797
     350.415        7.800      210.875     9843.797
     351.436        8.800      198.172     9822.531
     352.461       10.800      215.090     9847.797
     353.480        5.900      198.176     9822.531
     354.502        7.800      198.176     9822.531
     355.532        9.800      215.199     9847.797
     356.549        6.900      198.180     9822.531
     357.563        4.900      198.180     9822.531
     358.588        7.900      198.180     9822.531
     359.603        3.900      198.180     9822.531
     360.625        6.900      198.180     9822.531
     361.641        5.900      198.180     9822.531
     362.662        6.900      198.180     9822.531
     363.678        6.800      198.180     9822.531
     364.706        8.900      210.582     9844.797
     365.723        5.900      198.180     9822.531
     366.745        5.900      198.180     9822.531
     367.763       13.800      221.312     9854.797
     368.779        7.800      223.367     9857.797
     369.806        6.800      225.168     9859.797
     370.835        2.900      198.188     9822.531
     371.860        5.900      198.188     9822.531
     372.876        5.900      198.188     9822.531
     373.895        5.900      198.188     9822.531
     374.911        3.900      198.188     9822.531
     375.926        5.900      198.188     9822.531
     376.943        5.900      198.188     9822.531
     377.961        5.900      198.188     9822.531
     378.986        4.900      198.188     9822.531
     380.009        6.900      198.188     9822.531
     381.029        5.900      198.188     9822.531
     382.054        5.900      198.188     9822.531
     383.078        4.900      198.188     9822.531
     384.095        4.900      198.188     9822.531
     385.131        7.800      210.309     9842.797
     386.145        6.900      211.414     9844.797
     387.166       11.700      216.277     9849.797
     388.189        9.800      220.402     9855.797
     389.209       12.800      227.926     9863.797
     390.228        2.900      227.926     9863.797
     391.249        8.900      228.430     9863.797
     392.265        5.800      198.215     9822.531
     393.294       28.300      235.289     9866.797
     394.319        7.800      198.242     9822.531
     395.345        9.800      214.406     9847.797
     396.367       13.800      229.750     9863.797
     397.383        6.800      198.258     9822.531
     398.409        7.900      198.258     9822.531
     399.423        4.900      198.258     9822.531
     400.451       25.400      235.152     9866.797
     401.471       29.200      237.281     9868.797
     402.499        4.900      198.367     9822.531
     403.515       51.800      235.992     9866.797
     404.537       39.400      235.992     9866.797
     405.554       12.800      236.633     9867.797
     406.572        7.800      236.633     9867.797
     407.592        5.900      236.633     9867.797
     408.622        7.700      236.633     9867.797
     409.642        5.900      236.633     9867.797
     410.666        4.900      198.477     9822.531
     411.683       30.400      242.219     9873.797
     412.707       41.300      243.355     9873.797
     413.720        4.800      243.414     9873.797
     414.753        4.900      243.414     9873.797
     415.778        4.900      243.414     9873.797
     416.794        6.900      243.414     9873.797
     417.813        6.800      243.414     9873.797
     418.843        6.900      198.594     9822.531
     419.864        6.900      198.594     9822.531
     420.878        7.800      211.793     9844.797
     421.903        5.900      198.598     9822.531
     422.922        5.900      198.598     9822.531
     423.942        6.900      198.598     9822.531
     424.961        4.900      198.598     9822.531
     425.979        3.900      198.598     9822.531
     426.997        7.900      211.289     9843.797
     428.016        7.800      198.598     9822.531
     429.034        6.800      198.598     9822.531
     430.058        3.900      198.598     9822.531
     431.085        4.900      198.598     9822.531
     432.110        4.900      198.598     9822.531
     433.125        3.900      198.598     9822.531
     434.152        4.900      198.598     9822.531
     435.173        4.900      198.598     9822.531
     436.192        8.800      198.598     9822.531
     437.212        4.900      198.598     9822.531
     438.235        4.900      198.598     9822.531
     439.252        5.900      198.598     9822.531
     440.265        6.900      198.598     9822.531
     441.282        6.800      198.598     9822.531
     442.306        4.900      198.598     9822.531
     443.326        4.900      198.598     9822.531
     444.349        6.900      198.598     9822.531
     445.365        3.900      198.598     9822.531
     446.383        8.900      211.551     9843.797
     447.397        3.900      198.598     9822.531
     448.412        3.900      198.598     9822.531
     449.429        5.900      198.598     9822.531
     450.448        6.800      198.598     9822.531
     451.474        4.900      198.598     9822.531
     452.486        6.800      198.598     9822.531
     453.520        4.900      198.598     9822.531
     454.544        6.900      198.598     9822.531
     455.561        6.800      198.598     9822.531
     456.588       27.400      235.090     9865.797
     457.607        7.900      198.621     9822.531
     458.628       14.600      218.922     9851.797
     459.650        4.900      198.621     9822.531
     460.665       15.700      224.590     9857.797
     461.681        6.900      225.871     9859.797
     462.702       38.400      236.219     9867.797
     463.718        4.900      198.656     9822.531
     464.742        9.800      213.605     9846.797
     465.763       17.500      225.477     9857.797
     466.785       10.800      234.164     9865.797
     467.802        6.900      198.934     9822.531
     468.824        4.900      198.934     9822.531
     469.848        4.900      198.934     9822.531
     470.873        9.800      211.570     9843.797
     471.894       28.200      241.711     9873.797
     472.920       12.700      242.480     9873.797
     473.942        6.900      198.965     9822.531
     474.960        4.900      198.965     9822.531
     475.976        7.800      198.965     9822.531
     476.999        6.900      198.965     9822.531
     478.016       22.500      234.234     9865.797
     479.040       43.300      235.414     9865.797
     480.056        4.900      199.012     9822.531
     481.071        5.900      199.012     9822.531
     482.091        6.900      199.012     9822.531
     483.104        5.800      199.012     9822.531
     484.134        5.900      199.012     9822.531
     485.154        4.900      199.012     9822.531
     486.174        6.900      199.012     9822.531
     487.193        5.900      199.012     9822.531
     488.219        4.900      199.012     9822.531
     489.240        5.800      199.012     9822.531
     490.267        4.900      199.012     9822.531
     491.291        5.800      199.012     9822.531
     492.322       21.500      233.234     9864.797
     493.343        3.900      199.031     9822.531
     494.360        5.900      199.031     9822.531
     495.376        6.900      199.031     9822.531
     496.397        4.900      199.031     9822.531
     497.422        4.900      199.031     9822.531
     498.441        4.900      199.031     9822.531
     499.458        4.900      199.031     9822.531
     500.481        4.900      199.031     9822.531
     501.495        6.900      199.031     9822.531
     502.513        5.900      199.031     9822.531
     503.530        7.900      199.031     9822.531
     504.549        7.800      199.031     9822.531
     505.570        4.900      199.031     9822.531
     506.598        5.900      199.031     9822.531
     507.623        6.700      199.031     9822.531
     508.659        4.900      199.031     9822.531
     509.683        6.700      199.031     9822.531
     510.735        3.900      199.031     9822.531
     511.750        4.900      199.031     9822.531
     512.777        5.800      199.031     9822.531
     513.795        3.900      199.031     9822.531
     514.818        4.900      199.031     9822.531
     515.835        5.900      199.031     9822.531
     516.850        4.900      199.031     9822.531
     517.880        5.900      199.031     9822.531
     518.906        5.900      199.031     9822.531
     519.926        4.900      199.031     9822.531
     520.937        9.800      211.762     9844.797
     521.960        5.900      199.031     9822.531
     522.978        5.900      199.031     9822.531
     523.994        4.900      199.031     9822.531
     525.010        6.900      199.031     9822.531
     526.033        8.800      199.031     9822.531
     527.054        5.900      199.031     9822.531
     528.070       14.800      221.461     9852.797
     529.086        5.900      199.039     9822.531
     530.100        4.900      199.039     9822.531
     531.120        6.800      199.039     9822.531
     532.144        5.900      199.039     9822.531
     533.162        5.900      199.039     9822.531
     534.184        4.900      199.039     9822.531
     535.198        5.900      199.039     9822.531
     536.224       39.400      236.340     9866.797
     537.239        5.900      199.223     9822.531
     538.257        3.900      199.223     9822.531
     539.274        7.900      199.223     9822.531
     540.293        4.900      199.223     9822.531
     541.312        4.900      199.223     9822.531
     542.335        5.900      199.223     9822.531
     543.357       10.700      214.641     9846.797
     544.380       36.400      240.613     9871.797
     545.397        4.900      199.281     9822.531
     546.410        5.900      199.281     9822.531
     547.436        5.900      199.281     9822.531
     548.452       11.800      217.746     9849.797
     549.468        4.900      199.281     9822.531
     550.493        5.900      199.281     9822.531
     551.511        4.900      199.281     9822.531
     552.529        5.900      199.281     9822.531
     553.543        4.900      199.281     9822.531
     554.565        5.900      199.281     9822.531
     555.585        5.900      199.281     9822.531
     556.609        5.900      199.281     9822.531
     557.633        7.900      199.281     9822.531
     558.647        4.900      199.281     9822.531
     559.669        5.900      210.227     9841.797
     560.687        6.900      199.285     9822.531
     561.703        5.900      199.285     9822.531
     562.728        4.900      199.285     9822.531
     563.744        6.800      199.285     9822.531
     564.772        6.800      199.285     9822.531
     565.796        4.900      199.285     9822.531
     566.815        3.900      199.285     9822.531
     567.845        4.900      199.285     9822.531
     568.876        5.900      199.285     9822.531
     569.894        5.900      199.285     9822.531
     570.909        4.900      199.285     9822.531
     571.930        7.900      199.285     9822.531
     572.946        5.900      199.285     9822.531
     573.961        4.900      199.285     9822.531
     574.975        5.900      199.285     9822.531
     575.998        4.900      199.285     9822.531
     577.020        5.900      199.285     9822.531
     578.033       11.800      218.926     9850.797
     579.053        5.900      199.289     9822.531
     580.077        5.800      199.289     9822.531
     581.106        6.800      199.289     9822.531
     582.131        4.900      199.289     9822.531
     583.149        5.900      199.289     9822.531
     584.171        5.900      199.289     9822.531
     585.186        4.900      199.289     9822.531
     586.204        4.900      199.289     9822.531
     587.226        6.900      199.289     9822.531
     588.242        5.900      199.289     9822.531
     589.262        7.900      199.289     9822.531
     590.277        3.900      199.289     9822.531
     591.310        6.900      199.289     9822.531
     592.328        3.900      199.289     9822.531
     593.344        5.900      199.289     9822.531
     594.363        4.900      199.289     9822.531
     595.379        5.900      199.289     9822.531
     596.397        9.700      199.289     9822.531
     597.426        4.900      199.289     9822.531
     598.452        5.900      199.289     9822.531
     599.469        4.900      199.289     9822.531
     600.490        5.900      199.289     9822.531
     601.513       22.400      234.930     9865.797
     602.537        4.900      199.301     9822.531
     603.562        3.900      199.301     9822.531
     604.580        5.800      199.301     9822.531
     605.608        6.900      199.301     9822.531
     606.622        3.900      199.301     9822.531
     607.637        9.800      213.020     9844.797
     608.653        5.900      199.301     9822.531
     609.681       61.500      262.098     9892.797
     610.697       37.400      247.117     9876.797
     611.712        5.900      210.641     9842.797
     612.727        5.900      212.570     9844.797
     613.743        6.900      199.340     9822.531
     614.763        5.900      210.277     9842.797
     615.781        6.800      199.340     9822.531
     616.806        9.800      211.477     9842.797
     617.830        5.900      199.340     9822.531
     618.849       13.700      218.602     9850.797
     619.873        5.900      199.344     9822.531
     620.890        6.800      199.344     9822.531
     621.912        5.900      199.344     9822.531
     622.937        4.900      199.344     9822.531
     623.949        5.900      199.344     9822.531
     624.968        5.900      199.344     9822.531
     625.992        5.900      199.344     9822.531
     627.004        4.900      199.344     9822.531
     628.031        3.900      199.344     9822.531
     629.047        6.900      199.344     9822.531
     630.070        4.900      199.344     9822.531
     631.089        4.900      199.344     9822.531
     632.111        4.900      199.344     9822.531
     633.135        5.900      199.344     9822.531
     634.161        4.900      199.344     9822.531
     635.176        5.900      199.344     9822.531
     636.197        7.800      199.344     9822.531
     637.219        6.800      199.344     9822.531
     638.241        4.900      199.344     9822.531
     639.259        6.900      199.344     9822.531
     640.278        5.900      199.344     9822.531
     641.301        5.900      199.344     9822.531
     642.321        6.800      199.344     9822.531
     643.343        7.800      199.344     9822.531
     644.367        6.900      199.344     9822.531
     645.385        5.900      199.344     9822.531
     646.409        4.900      199.344     9822.531
     647.424        7.800      199.344     9822.531
     648.444        5.900      199.344     9822.531
     649.469        4.900      199.344     9822.531
     650.491        4.900      199.344     9822.531
     651.507        3.900      199.344     9822.531
     652.535        6.800      199.344     9822.531
     653.566        4.900      199.344     9822.531
     654.581        6.800      199.344     9822.531
     655.607        4.900      199.344     9822.531
     656.629        5.800      199.344     9822.531
     657.667        4.900      199.344     9822.531
     658.683        4.900      199.344     9822.531
     659.701        4.900      199.344     9822.531
     660.716        4.900      199.344     9822.531
     661.744        4.900      199.344     9822.531
     662.765        6.900      199.344     9822.531
     663.786        7.900      211.523     9842.797
     664.804        3.900      199.348     9822.531
     665.832        4.900      199.348     9822.531
     666.854        3.900      199.348     9822.531
     667.877        5.900      199.348     9822.531
     668.897        9.800      212.609     9843.797
     669.915        3.900      199.348     9822.531
     670.949        6.800      199.348     9822.531
     671.968        5.800      199.348     9822.531
     672.996        6.800      199.348     9822.531
     674.026        5.800      199.348     9822.531
     675.058        5.800      199.348     9822.531
     676.084       23.400      235.070     9865.797
     677.108        4.900      199.367     9822.531
     678.122       24.500      200.398     9822.531
     679.145        6.900      200.398     9822.531
     680.165        5.800      200.398     9822.531
     681.197        4.900      200.398     9822.531
     682.217        4.900      200.398     9822.531
     683.233        8.800      211.340     9842.797
     684.257        4.900      200.398     9822.531
     685.273        5.900      200.398     9822.531
     686.292        7.900      200.398     9822.531
     687.313        3.900      200.398     9822.531
     688.329        7.900      200.398     9822.531
     689.346        3.900      200.398     9822.531
     690.363        4.900      200.398     9822.531
     691.386        4.900      200.398     9822.531
     692.425        5.800      200.398     9822.531
     693.445       24.500      200.398     9822.531
     694.473        6.800      200.398     9822.531
     695.494        5.900      200.398     9822.531
     696.517        4.900      200.398     9822.531
     697.545        4.900      200.398     9822.531
     698.566        4.900      200.398     9822.531
     699.585        6.900      200.398     9822.531
     700.601        4.900      200.398     9822.531
     701.619        3.900      200.398     9822.531
     702.643        5.900      200.398     9822.531
     703.661        5.900      200.398     9822.531
     704.683        6.800      200.398     9822.531
     705.706        4.900      200.398     9822.531
     706.726       23.500      200.398     9822.531
     707.748        4.900      200.398     9822.531
     708.768        5.900      212.270     9842.797
     709.790        4.900      200.398     9822.531
     710.810        5.800      200.398     9822.531
     711.837        6.900      200.398     9822.531
     712.858        6.900      200.398     9822.531
     713.871        4.900      200.398     9822.531
     714.887        5.900      200.398     9822.531
     715.905        5.900      200.398     9822.531
     716.922        6.900      200.398     9822.531
     717.936        4.900      200.398     9822.531
     718.952        5.900      200.398     9822.531
     719.985       21.400      200.398     9822.531
     721.007        5.900      200.398     9822.531
     722.026        6.900      200.398     9822.531
     723.042        3.900      200.398     9822.531
     724.063        6.800      200.398     9822.531
     725.088        4.900      200.398     9822.531
     726.105        5.800      200.398     9822.531
     727.137        7.800      200.398     9822.531
     728.158        4.900      200.398     9822.531
     729.179        5.900      200.398     9822.531
     730.218        4.900      200.398     9822.531
     731.233        5.900      200.398     9822.531
     732.255        7.800      200.398     9822.531
     733.277        6.900      200.398     9822.531
     734.293       25.600      200.398     9822.531
     735.309        4.900      200.398     9822.531
     736.327        5.800      200.398     9822.531
     737.355        5.800      200.398     9822.531
     738.384        7.800      211.395     9841.797
     739.403        4.900      200.398     9822.531
     740.418       18.500      228.051     9859.797
     741.444        5.900      200.410     9822.531
     742.466        3.900      200.410     9822.531
     743.496        3.900      200.410     9822.531
     744.514        5.900      200.410     9822.531
     745.535        6.800      200.410     9822.531
     746.559        3.900      200.410     9822.531
     747.576       24.600      200.410     9822.531
     748.591        4.900      200.410     9822.531
     749.621        5.800      200.410     9822.531
     750.643        6.800      200.410     9822.531
     751.670        5.900      200.410     9822.531
     752.682        4.900      200.410     9822.531
     753.712        4.900      200.410     9822.531
     754.738        5.900      200.410     9822.531
     755.761        5.900      200.410     9822.531
     756.774        6.900      200.410     9822.531
     757.787        6.900      200.410     9822.531
     758.802        4.900      200.410     9822.531
     759.817        4.900      200.410     9822.531
     760.847        4.900      200.410     9822.531
     761.870       25.400      200.410     9822.531
     762.891        5.900      200.410     9822.531
     763.908        5.900      200.410     9822.531
     764.925        4.700      200.410     9822.531
     765.977        5.900      200.410     9822.531
     766.998        5.900      200.410     9822.531
     768.018        6.800      200.410     9822.531
     769.046        5.900      200.410     9822.531
     770.063        3.900      200.410     9822.531
     771.079        4.900      200.410     9822.531
     772.100        5.900      200.410     9822.531
     773.116        5.900      200.410     9822.531
     774.141        5.900      200.410     9822.531
     775.154       24.600      200.410     9822.531
     776.178        6.800      200.410     9822.531
     777.194        3.900      200.410     9822.531
     778.221        4.900      200.410     9822.531
     779.242        7.900      200.410     9822.531
     780.257        5.900      200.410     9822.531
     781.282        5.900      200.410     9822.531
     782.304        6.800      200.410     9822.531
     783.324        5.900      200.410     9822.531
     784.343        3.900      200.410     9822.531
     785.362        4.900      200.410     9822.531
     786.386        5.900      200.410     9822.531
     787.409        5.900      200.410     9822.531
     788.423        4.900      200.410     9822.531
     789.439       25.500      200.410     9822.531
     790.457        4.900      200.410     9822.531
     791.481        4.900      200.410     9822.531
     792.499        4.900      200.410     9822.531
     793.518        4.900      200.410     9822.531
     794.545        5.800      200.410     9822.531
     795.571        4.900      200.410     9822.531
     796.594        5.900      200.410     9822.531
     797.610        4.900      200.410     9822.531
     798.627        4.900      200.410     9822.531
     799.643        4.900      200.410     9822.531
     800.664        4.900      200.410     9822.531
     801.679        5.900      200.410     9822.531
     802.694       28.400      200.410     9822.531
     803.719        5.900      200.410     9822.531
     804.743        5.800      200.410     9822.531
     805.769        5.800      200.410     9822.531
     806.796        4.900      200.410     9822.531
     807.823        5.900      200.410     9822.531
     808.852        5.800      200.410     9822.531
     809.871        4.900      200.410     9822.531
     810.890        3.900      200.410     9822.531
     811.909        5.900      200.410     9822.531
     812.934        5.800      200.410     9822.531
     813.961        4.900      200.410     9822.531
     814.981        4.900      200.410     9822.531
     816.008       24.500      200.684     9822.531
     817.028        4.900      200.684     9822.531
     818.055        4.900      200.684     9822.531
     819.084        7.800      201.590     9822.531
     820.109        7.800      206.488     9822.531
     821.135        4.900      206.488     9822.531
     822.165        6.800      206.488     9822.531
     823.186        4.900      206.488     9822.531
     824.206        3.900      206.488     9822.531
     825.247        4.900      206.746     9822.531
     826.267        4.900      208.543     9822.531
     827.284        5.900      208.543     9822.531
     828.299       26.200      208.543     9822.531
     829.329        5.900      208.543     9822.531
     830.351        6.800      208.543     9822.531
     831.373        5.900      208.543     9822.531
     832.391        6.800      208.543     9822.531
     833.421        4.900      208.543     9822.531
     834.438        6.900      208.543     9822.531
     835.458        5.900      208.543     9822.531
     836.475        4.900      208.543     9822.531
     837.515        6.800      208.543     9822.531
     838.533        5.800      208.543     9822.531
     839.557        3.900      208.543     9822.531
     840.594        4.900      208.543     9822.531
     841.610       24.700      208.543     9822.531
     842.623        4.900      208.543     9822.531
     843.646        4.900      208.543     9822.531
     844.667        5.900      208.543     9822.531
     845.688        4.900      208.543     9822.531
     846.710        4.900      208.543     9822.531
     847.731        3.900      208.543     9822.531
     848.748        5.900      208.543     9822.531
     849.765        5.900      208.543     9822.531
     850.785        8.800      220.406     9842.797
     851.808       11.800      229.477     9852.797
     852.830        6.900      208.555     9822.531
     853.848        4.900      208.555     9822.531
     854.870        4.900      208.555     9822.531
     855.888       27.300      208.773     9822.531
     856.915        4.900      208.773     9822.531
     857.928        4.900      208.773     9822.531
     858.945        4.900      208.773     9822.531
     859.963        5.900      208.773     9822.531
     860.984        3.900      208.773     9822.531
     862.003        5.900      208.773     9822.531
     863.021        5.900      208.773     9822.531
     864.035       20.700      245.176     9866.797
     865.050        6.900      208.801     9822.531
     866.065        5.900      208.801     9822.531
     867.076        6.800      208.801     9822.531
     868.100        3.900      208.801     9822.531
     869.121        6.800      208.801     9822.531
     870.145       27.600      208.801     9822.531
     871.159        4.900      208.801     9822.531
     872.177        5.900      208.801     9822.531
     873.195        6.900      208.801     9822.531
     874.221        5.800      208.801     9822.531
     875.239        4.900      208.801     9822.531
     876.266        7.800      208.801     9822.531
     877.285        3.900      208.801     9822.531
     878.304        5.900      208.801     9822.531
     879.327        4.900      208.801     9822.531
     880.348        3.900      208.801     9822.531
     881.370        4.900      208.801     9822.531
     882.391        4.900      208.801     9822.531
     883.416       13.800      229.855     9851.797
     884.435       28.400      208.809     9822.531
     885.455        4.900      208.809     9822.531
     886.476        4.900      208.809     9822.531
     887.492        4.900      208.809     9822.531
     888.521        5.800      208.809     9822.531
     889.547        3.900      208.809     9822.531
     890.572        6.900      208.809     9822.531
     891.596        4.900      208.809     9822.531
     892.619        7.900      208.809     9822.531
     893.645        4.900      208.809     9822.531
     894.664        4.900      208.809     9822.531
     895.688        5.900      208.809     9822.531
     896.708        4.000      208.809     9822.531
     897.722       21.500      208.809     9822.531
     898.743       12.800      208.809     9822.531
     899.759        3.900      208.809     9822.531
     900.781        4.900      208.809     9822.531
     901.806        4.900      208.809     9822.531
     902.829        7.800      219.859     9841.797
     903.850        6.900      208.809     9822.531
     904.870        5.900      208.809     9822.531
     905.895        5.900      208.809     9822.531
     906.912        5.800      208.809     9822.531
     907.941        6.900      208.809     9822.531
     908.961        5.900      208.809     9822.531
     909.973        4.900      208.809     9822.531
     910.990        4.900      208.809     9822.531
     912.011       26.200      208.809     9822.531
     913.043        4.900      208.809     9822.531
     914.059        7.800      208.809     9822.531
     915.083        5.900      208.809     9822.531
     916.105        4.900      208.809     9822.531
     917.123        7.900      208.809     9822.531
     918.145        5.900      208.809     9822.531
     919.166        5.900      208.809     9822.531
     920.181        4.900      208.809     9822.531
     921.201        4.900      208.809     9822.531
     922.229        4.900      208.809     9822.531
     923.253        6.900      208.809     9822.531
     924.272        4.900      208.809     9822.531
     925.293        5.800      208.809     9822.531
     926.319       25.400      208.809     9822.531
     927.342        5.900      208.809     9822.531
     928.358        6.900      208.809     9822.531
     929.378        4.900      208.809     9822.531
     930.399        4.900      208.809     9822.531
     931.419        5.900      208.809     9822.531
     932.439        5.900      208.809     9822.531
     933.452        8.800      208.816     9822.531
     934.472        6.900      208.816     9822.531
     935.492        5.800      208.816     9822.531
     936.515        5.900      208.816     9822.531
     937.540        4.800      208.816     9822.531
     938.568        6.900      208.816     9822.531
     939.587        5.900      208.816     9822.531
     940.604       27.400      208.832     9822.531
     941.625        6.800      208.832     9822.531
     942.648        4.900      208.832     9822.531
     943.664        4.900      209.980     9822.531
     944.679        5.900      213.074     9822.531
     945.700        5.900      215.910     9822.531
     946.718        6.900      216.684     9822.531
     947.734        6.800      216.684     9822.531
     948.769        5.900      216.684     9822.531
     949.785        5.900      216.684     9822.531
     950.817        5.800      216.684     9822.531
     951.833        6.900      216.684     9822.531
     952.852        4.900      216.684     9822.531
     953.872        5.900      216.684     9822.531
     954.896        5.900      216.684     9822.531
     955.924        5.800      216.684     9822.531
     956.944       19.500      216.684     9822.531
     957.972        4.900      216.684     9822.531
     958.996        3.900      216.684     9822.531
     960.015        4.900      216.684     9822.531
     961.037        5.900      216.684     9822.531
     962.060        3.900      216.684     9822.531
     963.080        6.800      216.684     9822.531
     964.101        2.900      216.684     9822.531
     965.133        4.900      216.684     9822.531
     966.157        6.800      216.684     9822.531
     967.177        5.900      216.684     9822.531
     968.192        4.900      216.684     9822.531
     969.206        5.900      216.684     9822.531
     970.224        5.900      216.684     9822.531
     971.237        4.900      216.684     9822.531
     972.253        5.900      216.684     9822.531
     973.274        4.900      216.684     9822.531
     974.299        6.900      216.684     9822.531
     975.315        6.900      216.684     9822.531
     976.333        8.800      216.684     9822.531
     977.355        4.900      216.684     9822.531
     978.386        5.900      216.684     9822.531
     979.410        5.900      216.684     9822.531
     980.434        5.800      216.684     9822.531
     981.456        4.900      216.684     9822.531
     982.477        4.900      216.684     9822.531
     983.520        5.800      216.684     9822.531
     984.536        6.900      216.684     9822.531
     985.557        5.900      216.684     9822.531
     986.574        6.800      216.684     9822.531
     987.610        5.800      216.684     9822.531
     988.634        5.900      216.684     9822.531
     989.657        4.900      216.684     9822.531
     990.685        4.900      216.684     9822.531
     991.703        5.900      216.684     9822.531
     992.728        5.800      216.684     9822.531
     993.756        5.800      216.684     9822.531
     994.777        3.900      216.684     9822.531
     995.797        5.900      216.684     9822.531
     996.814        6.800      230.656     9844.797
     997.842        6.800      216.684     9822.531
     998.867        5.900      216.684     9822.531
     999.888        7.800      216.684     9822.531
    1000.910        3.900      216.684     9822.531
    1001.929        7.800      216.684     9822.531
    1002.965        6.800      216.684     9822.531
    1003.983        4.900      216.684     9822.531
    1005.004        5.800      216.684     9822.531
    1006.033        5.800      216.684     9822.531
    1007.058        3.900      216.684     9822.531
    1008.086        5.900      216.684     9822.531
    1009.103        4.900      216.684     9822.531
    1010.134        5.800      216.684     9822.531
    1011.159        6.900      216.684     9822.531
    1012.177        5.900      216.684     9822.531
    1013.192        4.900      216.684     9822.531
    1014.214        5.800      216.684     9822.531
    1015.243        5.900      216.684     9822.531
    1016.263        4.900      216.684     9822.531
    1017.281        5.900      216.684     9822.531
    1018.303        5.900      216.684     9822.531
    1019.323        4.900      216.684     9822.531
    1020.338        4.900      216.832     9822.531
    1021.356        5.900      216.832     9822.531
    1022.374        4.900      216.832     9822.531
    1023.392        5.900      216.832     9822.531
    1024.411        5.900      216.832     9822.531
    1025.433        5.900      216.832     9822.531
    1026.457        6.900      216.832     9822.531
    1027.474        5.900      216.832     9822.531
    1028.493        5.900      216.832     9822.531
    1029.509        6.800      216.832     9822.531
    1030.532        4.900      216.832     9822.531
    1031.545        6.900      216.832     9822.531
    1032.563        2.900      216.832     9822.531
    1033.587        6.900      216.832     9822.531
    1034.606        7.900      216.832     9822.531
    1035.626        5.800      216.832     9822.531
    1036.654        3.900      216.832     9822.531
    1037.672        4.900      216.832     9822.531
    1038.699        6.800      216.832     9822.531
    1039.721        5.900      216.832     9822.531
    1040.736        4.800      216.832     9822.531
    1041.770        5.900      216.832     9822.531
    1042.787        7.800      216.832     9822.531
    1043.813        5.900      216.832     9822.531
    1044.836        4.900      216.832     9822.531
    1045.853        6.900      216.832     9822.531
    1046.874        3.900      216.832     9822.531
    1047.892        5.800      216.832     9822.531
    1048.919        3.900      216.832     9822.531
    1049.944        7.800      216.832     9822.531
    1050.967        6.800      216.832     9822.531
    1051.991        5.900      216.832     9822.531
    1053.011        4.900      216.832     9822.531
    1054.028        6.800      216.832     9822.531
    1055.050        4.900      216.832     9822.531
    1056.070        5.900      216.832     9822.531
    1057.088        6.900      216.832     9822.531
    1058.107        4.900      216.832     9822.531
    1059.134        3.900      216.832     9822.531
    1060.154        6.800      216.832     9822.531
    1061.180        4.900      216.832     9822.531
    1062.199        4.900      216.832     9822.531
    1063.214        3.900      216.832     9822.531
    1064.235        5.900      216.832     9822.531
    1065.254        5.800      216.832     9822.531
    1066.281        5.900      216.832     9822.531
    1067.302        3.900      216.832     9822.531
    1068.328        4.900      216.832     9822.531
    1069.349        8.800      216.832     9822.531
    1070.378        6.800      216.832     9822.531
    1071.414        3.900      216.832     9822.531
    1072.431        5.900      216.832     9822.531
    1073.445        4.900      216.832     9822.531
    1074.465        5.800      216.832     9822.531
    1075.493        6.900      216.840     9822.531
    1076.514        4.900      216.840     9822.531
    1077.534        4.900      216.840     9822.531
    1078.561        4.900      216.840     9822.531
    1079.587        5.900      216.840     9822.531
    1080.605        4.900      216.840     9822.531
    1081.633        4.900      216.840     9822.531
    1082.650        7.900      216.840     9822.531
    1083.664        3.900      216.840     9822.531
    1084.686        7.800      216.840     9822.531
    1085.708        5.900      216.840     9822.531
    1086.727        5.800      216.840     9822.531
    1087.753        6.900      216.840     9822.531
    1088.771        3.900      216.840     9822.531
    1089.790        6.900      216.840     9822.531
    1090.805        5.900      216.840     9822.531
    1091.829        4.900      216.840     9822.531
    1092.854        5.900      216.840     9822.531
    1093.875        4.900      216.840     9822.531
    1094.890        5.900      216.840     9822.531
    1095.915        5.900      216.840     9822.531
    1096.933        5.900      216.840     9822.531
    1097.956        7.900      230.680     9844.797
    1098.969        5.900      216.844     9822.531
    1099.996        5.800      216.844     9822.531
    1101.015        7.800      216.844     9822.531
    1102.041        4.900      216.844     9822.531
    1103.062        5.900      216.844     9822.531
    1104.079       28.700      260.801     9873.797
    1105.091       29.300      260.840     9873.797
    1106.114        7.800      216.895     9822.531
    1107.144        4.900      216.895     9822.531
    1108.172        5.800      216.895     9822.531
    1109.196        5.900      216.895     9822.531
    1110.214        6.800      216.895     9822.531
    1111.239        5.800      216.895     9822.531
    1112.265        5.900      216.895     9822.531
    1113.287        3.900      216.895     9822.531
    1114.307        4.900      216.895     9822.531
    1115.324        5.800      216.895     9822.531
    1116.364        6.700      216.895     9822.531
    1117.399        4.900      216.895     9822.531
    1118.424        5.800      216.895     9822.531
    1119.453        3.900      216.895     9822.531
    1120.470        4.900      216.895     9822.531
    1121.492        5.900      216.895     9822.531
    1122.509        6.900      216.895     9822.531
    1123.526        4.900      216.895     9822.531
    1124.545        4.900      216.895     9822.531
    1125.565        5.800      216.895     9822.531
    1126.597        6.900      216.895     9822.531
    1127.615        3.900      216.895     9822.531
    1128.640        5.900      216.895     9822.531
    1129.661        5.900      216.895     9822.531
    1130.678        3.900      216.895     9822.531
    1131.705        6.900      216.895     9822.531
    1132.723        4.900      216.895     9822.531
    1133.737        6.900      216.895     9822.531
    1134.761        4.900      216.895     9822.531
    1135.777        5.800      216.895     9822.531
    1136.801        4.900      216.895     9822.531
    1137.824        4.900      216.895     9822.531
    1138.839        5.900      216.895     9822.531
    1139.860        5.900      216.895     9822.531
    1140.875        6.900      216.895     9822.531
    1141.890        6.900      216.895     9822.531
    1142.912        4.900      216.895     9822.531
    1143.927       21.600      252.523     9865.797
    1144.944        6.900      216.898     9822.531
    1145.965        6.900      216.898     9822.531
    1146.984        3.900      216.898     9822.531
    1148.006        6.800      216.898     9822.531
    1149.029        5.900      216.898     9822.531
    1150.051        3.900      216.898     9822.531
    1151.082       39.100      261.504     9873.797
    1152.102        7.900      262.262     9874.797
    1153.121       13.800      262.262     9874.797
    1154.140        9.800      216.934     9822.531
    1155.159        5.900      216.934     9822.531
    1156.181        7.800      216.934     9822.531
    1157.209        5.900      216.934     9822.531
    1158.228        5.900      216.934     9822.531
    1159.254        5.800      216.934     9822.531
    1160.280        7.900      216.934     9822.531
    1161.296        3.900      216.934     9822.531
    1162.311        6.800      216.934     9822.531
    1163.341        6.900      216.934     9822.531
    1164.354        5.900      216.934     9822.531
    1165.378        6.900      216.934     9822.531
    1166.397        6.800      216.934     9822.531
    1167.424        6.800      216.934     9822.531
    1168.450        4.900      216.934     9822.531
    1169.466        5.900      216.934     9822.531
    1170.485        7.800      216.934     9822.531
    1171.514        4.900      216.934     9822.531
    1172.536        5.900      216.934     9822.531
    1173.559        6.900      216.934     9822.531
    1174.582        5.900      216.934     9822.531
    1175.601        7.800      216.934     9822.531
    1176.630        5.800      216.934     9822.531
    1177.657        5.800      216.934     9822.531
    1178.685        7.800      216.934     9822.531
    1179.704        5.900      216.934     9822.531
    1180.724        4.900      216.934     9822.531
    1181.753        5.800      216.934     9822.531
    1182.773        7.800      216.934     9822.531
    1183.796        4.900      216.934     9822.531
    1184.814        5.900      216.934     9822.531
    1185.831        6.900      216.934     9822.531
    1186.852        6.900      216.934     9822.531
    1187.870        6.900      216.934     9822.531
    1188.889        6.800      216.934     9822.531
    1189.914        4.900      216.934     9822.531
    1190.931        5.900      216.934     9822.531
    1191.947        6.800      216.934     9822.531
    1192.973        4.900      216.934     9822.531
    1193.996        6.800      216.934     9822.531
    1195.021        5.900      216.934     9822.531
    1196.037        5.900      216.934     9822.531
    1197.053        6.900      216.934     9822.531
    1198.070        5.900      216.934     9822.531
    1199.087        5.900      216.934     9822.531
    1200.102        5.900      216.934     9822.531
    1201.123        7.900      216.934     9822.531
    1202.141        6.900      216.934     9822.531
    1203.154        5.900      216.934     9822.531
    1204.167        4.900      216.934     9822.531
    1205.187        5.900      216.934     9822.531
    1206.206        6.900      216.934     9822.531
    1207.220        4.900      216.934     9822.531
    1208.246        6.900      216.934     9822.531
    1209.264        5.900      216.934     9822.531
    1210.287        6.800      216.934     9822.531
    1211.315        6.900      216.934     9822.531
    1212.341        5.900      216.934     9822.531
    1213.361        7.900      216.934     9822.531
    1214.377        4.900      216.934     9822.531
    1215.400        4.900      216.934     9822.531
    1216.420        5.900      216.934     9822.531
    1217.442       13.700      233.754     9847.797
    1218.464        5.800      216.938     9822.531
    1219.492        6.900      216.938     9822.531
    1220.510        6.800      216.938     9822.531
    1221.533        6.800      216.938     9822.531
    1222.559        5.900      216.938     9822.531
    1223.577        6.900      216.938     9822.531
    1224.589        5.900      216.938     9822.531
    1225.611        6.800      216.938     9822.531
    1226.635        3.900      216.938     9822.531
    1227.662        5.900      216.938     9822.531
    1228.684        3.900      216.938     9822.531
    1229.697        7.800      216.938     9822.531
    1230.719        6.800      216.938     9822.531
    1231.743        4.900      216.938     9822.531
    1232.756        4.900      216.938     9822.531
    1233.770        6.900      216.938     9822.531
    1234.790        6.900      216.938     9822.531
    1235.806        5.900      216.938     9822.531
    1236.831        5.900      216.938     9822.531
    1237.853        5.900      216.938     9822.531
    1238.871        5.900      216.938     9822.531
    1239.903        7.800      216.938     9822.531
    1240.920        5.900      216.938     9822.531
    1241.945        4.900      216.938     9822.531
    1242.966        5.900      216.938     9822.531
    1243.987        7.800      216.938     9822.531
    1245.008        7.800      216.938     9822.531
    1246.028        5.900      216.938     9822.531
    1247.042        4.900      216.938     9822.531
    1248.055        5.900      216.938     9822.531
    1249.073        6.900      216.938     9822.531
    1250.095        4.900      216.938     9822.531
    1251.111        7.800      216.938     9822.531
    1252.137        4.900      216.938     9822.531
    1253.163        7.800      216.938     9822.531
    1254.181        5.900      216.938     9822.531
    1255.197        4.900      216.938     9822.531
    1256.213        5.900      216.938     9822.531
    1257.224        6.900      216.938     9822.531
    1258.239        4.900      216.938     9822.531
    1259.265        6.900      216.938     9822.531
    1260.282        5.900      216.938     9822.531
    1261.302        5.900      216.938     9822.531
    1262.324        5.900      216.938     9822.531
    1263.349        6.900      216.938     9822.531
    1264.365        5.900      216.938     9822.531
    1265.386        4.900      216.938     9822.531
    1266.406        8.800      216.938     9822.531
    1267.431        5.800      216.938     9822.531
    1268.457        5.900      216.938     9822.531
    1269.484        5.900      216.938     9822.531
    1270.508        7.900      216.938     9822.531
    1271.519        4.900      216.938     9822.531
    1272.542        5.900      216.938     9822.531
    1273.568        6.900      216.938     9822.531
    1274.583        7.800      216.938     9822.531
    1275.608        6.900      216.938     9822.531
    1276.626        8.800      216.938     9822.531
    1277.651        4.900      216.938     9822.531
    1278.669        4.900      216.938     9822.531
    1279.688        6.900      216.938     9822.531
    1280.700        5.800      216.938     9822.531
    1281.727        7.900      216.938     9822.531
    1282.744        4.900      216.938     9822.531
    1283.771        6.900      216.938     9822.531
    1284.790        6.900      216.938     9822.531
    1285.803        6.800      216.938     9822.531
    1286.828        6.900      216.938     9822.531
    1287.849        3.900      216.938     9822.531
    1288.864        6.900      216.938     9822.531
    1289.886        6.900      216.938     9822.531
    1290.900        5.900      216.938     9822.531
    1291.923        6.700      216.938     9822.531
    1292.965        7.900      216.938     9822.531
    1293.979        3.900      216.938     9822.531
    1294.995        6.800      216.938     9822.531
    1296.021        5.900      216.938     9822.531
    1297.035        7.800      216.938     9822.531
    1298.060        5.900      216.938     9822.531
    1299.084        7.800      216.938     9822.531
    1300.104        4.900      216.938     9822.531
    1301.131        6.900      216.938     9822.531
    1302.146        5.900      216.938     9822.531
    1303.169        7.900      216.938     9822.531
    1304.185        6.900      216.938     9822.531
    1305.203        5.800      216.938     9822.531
    1306.231        5.900      216.938     9822.531
    1307.253        5.900      216.938     9822.531
    1308.269        6.900      216.938     9822.531
    1309.286        6.900      216.938     9822.531
    1310.304        5.900      216.938     9822.531
    1311.318        7.900      216.938     9822.531
    1312.335        7.800      216.938     9822.531
    1313.357       23.600      252.617     9865.797
    1314.376        4.900      216.953     9822.531
    1315.392        5.900      216.953     9822.531
    1316.408        7.800      216.953     9822.531
    1317.428        5.900      216.953     9822.531
    1318.445        7.800      216.953     9822.531
    1319.466        6.800      216.953     9822.531
    1320.493        7.900      216.953     9822.531
    1321.511        5.900      216.953     9822.531
    1322.528        3.900      216.953     9822.531
    1323.549        6.900      216.953     9822.531
    1324.569        4.900      216.953     9822.531
    1325.592        6.800      216.953     9822.531
    1326.621        4.900      216.953     9822.531
    1327.636        6.800      216.953     9822.531
    1328.661        6.900      216.953     9822.531
    1329.677        6.900      216.953     9822.531
    1330.692        7.800      216.953     9822.531
    1331.712        5.900      216.953     9822.531
    1332.730        6.800      216.953     9822.531
    1333.760        6.800      216.953     9822.531
    1334.779        7.900      216.953     9822.531
    1335.798        4.900      216.953     9822.531
    1336.822        5.900      216.953     9822.531
    1337.845        5.900      216.953     9822.531
    1338.862        6.800      216.953     9822.531
    1339.888        4.900      216.953     9822.531
    1340.907        6.800      216.953     9822.531
    1341.942        7.800      216.953     9822.531
    1342.957        4.900      216.953     9822.531
    1343.975        4.900      216.953     9822.531
    1344.997        7.800      216.953     9822.531
    1346.018        6.900      216.953     9822.531
    1347.033        4.900      216.953     9822.531
    1348.048        5.900      216.953     9822.531
    1349.066        7.900      216.953     9822.531
    1350.084        6.800      216.953     9822.531
    1351.122        4.900      216.953     9822.531
    1352.141        6.900      216.953     9822.531
    1353.161        6.900      216.953     9822.531
    1354.183        5.800      216.953     9822.531
    1355.209        4.900      216.953     9822.531
    1356.227        7.900      216.953     9822.531
    1357.247        4.900      216.953     9822.531
    1358.268        5.900      216.953     9822.531
    1359.291        5.900      216.953     9822.531
    1360.306        5.900      216.953     9822.531
    1361.329        5.900      216.953     9822.531
    1362.352        7.800      216.953     9822.531
    1363.371        6.900      216.953     9822.531
    1364.390        6.900      216.953     9822.531
    1365.406        3.900      216.953     9822.531
    1366.429        6.900      216.953     9822.531
    1367.446        8.800      216.953     9822.531
    1368.473        6.900      216.953     9822.531
    1369.488        7.900      216.953     9822.531
    1370.501        5.900      216.953     9822.531
    1371.518        4.900      216.953     9822.531
    1372.547        5.900      216.953     9822.531
    1373.566        4.900      216.953     9822.531
    1374.585        6.800      216.953     9822.531
    1375.613        7.800      216.953     9822.531
    1376.639        4.900      216.953     9822.531
    1377.658        7.800      216.953     9822.531
    1378.685        6.800      216.953     9822.531
    1379.710        5.800      216.953     9822.531
    1380.734        6.700      216.953     9822.531
    1381.776        6.900      216.953     9822.531
    1382.799        5.800      216.953     9822.531
    1383.819        4.900      216.953     9822.531
    1384.838        7.800      216.953     9822.531
    1385.859        5.900      216.953     9822.531
    1386.877        5.900      216.953     9822.531
    1387.890        6.900      216.953     9822.531
    1388.910        4.900      216.953     9822.531
    1389.926        5.900      216.953     9822.531
    1390.941        4.900      216.953     9822.531
    1391.962        7.800      216.953     9822.531
    1392.987        5.900      216.953     9822.531
    1394.006        3.900      216.953     9822.531
    1395.031        4.900      216.953     9822.531
    1396.045        6.800      216.953     9822.531
    1397.068        5.900      216.953     9822.531
    1398.091        5.900      216.953     9822.531
    1399.107        5.900      216.953     9822.531
    1400.130        5.900      216.953     9822.531
    1401.149        5.900      216.953     9822.531
    1402.171        5.800      216.953     9822.531
    1403.204        5.800      216.953     9822.531
    1404.223        6.800      216.953     9822.531
    1405.249        5.900      216.953     9822.531
    1406.267        5.900      216.953     9822.531
    1407.281        6.800      216.953     9822.531
    1408.308        6.900      216.953     9822.531
    1409.327        5.900      216.953     9822.531
    1410.344        5.900      216.953     9822.531
    1411.356        5.800      216.953     9822.531
    1412.382        5.800      216.953     9822.531
    1413.411        5.800      216.953     9822.531
    1414.448        7.800      216.953     9822.531
    1415.470        6.800      216.953     9822.531
    1416.488        6.900      216.953     9822.531
    1417.505        4.900      216.953     9822.531
    1418.528        6.900      216.953     9822.531
    1419.546        5.900      216.953     9822.531
    1420.562        7.800      216.953     9822.531
    1421.586        5.900      216.953     9822.531
    1422.608        5.900      216.953     9822.531
    1423.621       14.600      216.953     9822.531
    1424.650        5.900      216.953     9822.531
    1425.669        6.900      216.953     9822.531
    1426.687        6.800      216.953     9822.531
    1427.710        6.800      216.953     9822.531
    1428.733        7.800      216.953     9822.531
    1429.756        6.900      216.953     9822.531
    1430.777        4.900      216.953     9822.531
    1431.799        6.900      216.953     9822.531
    1432.820        5.900      216.953     9822.531
    1433.842        6.800      216.953     9822.531
    1434.868        5.900      216.953     9822.531
    1435.888        6.800      216.953     9822.531
    1436.912        5.900      216.953     9822.531
    1437.933        5.900      216.953     9822.531
    1438.955        4.900      216.953     9822.531
    1439.977        6.800      216.953     9822.531
    1441.000        4.900      216.953     9822.531
    1442.026        6.900      216.953     9822.531
    1443.064        5.800      216.953     9822.531
    1444.082        5.800      216.953     9822.531
    1445.106        5.900      216.953     9822.531
    1446.119        6.900      216.953     9822.531
    1447.138        6.900      216.953     9822.531
    1448.151        4.900      216.953     9822.531
    1449.172        4.900      216.953     9822.531
    1450.198        8.800      216.953     9822.531
    1451.221        4.900      216.953     9822.531
    1452.239        7.800      216.953     9822.531
    1453.257        4.900      216.953     9822.531
    1454.286        7.800      216.953     9822.531
    1455.310        7.900      216.953     9822.531
    1456.327        6.800      216.953     9822.531
    1457.355        6.900      216.953     9822.531
    1458.373        4.900      216.953     9822.531
    1459.385        5.900      216.953     9822.531
    1460.411        6.800      216.953     9822.531
    1461.436        5.900      216.953     9822.531
    1462.460        6.900      216.953     9822.531
    1463.480        6.900      216.953     9822.531
    1464.501        5.900      216.953     9822.531
    1465.519        5.900      216.953     9822.531
    1466.540        6.800      216.953     9822.531
    1467.565        6.900      216.953     9822.531
    1468.581        5.900      216.953     9822.531
    1469.601        4.800      216.953     9822.531
    1470.630        5.800      216.953     9822.531
    1471.660        6.800      216.953     9822.531
    1472.684        6.900      216.953     9822.531
    1473.701        4.900      216.953     9822.531
    1474.716       23.500      252.543     9865.797
    1475.735        6.800      216.969     9822.531
    1476.758        4.900      216.969     9822.531
    1477.775        6.800      216.969     9822.531
    1478.801        5.900      216.969     9822.531
    1479.825        5.900      216.969     9822.531
    1480.842        7.900      216.969     9822.531
    1481.858        6.900      216.969     9822.531
    1482.874        5.900      216.969     9822.531
    1483.888        6.800      216.969     9822.531
    1484.917        5.900      216.969     9822.531
    1485.943        5.800      216.969     9822.531
    1486.969        6.800      216.969     9822.531
    1487.994        5.900      216.969     9822.531
    1489.013        6.900      216.969     9822.531
    1490.031        5.800      216.969     9822.531
    1491.056        7.800      216.969     9822.531
    1492.079        6.900      216.969     9822.531
    1493.097        7.800      216.969     9822.531
    1494.119        6.900      216.969     9822.531
    1495.132        5.900      216.969     9822.531
    1496.154        7.900      216.969     9822.531
    1497.174        5.900      216.969     9822.531
    1498.194        6.900      216.969     9822.531
    1499.215        4.900      216.969     9822.531
