# Elapsed time   CPU (%)     Real (MB)   Virtual (MB)
       0.000        0.000       28.762     8205.742
       1.018      244.700      116.289     9003.656
       2.053      237.000      141.980     9526.719
       3.080      180.100      164.461     9599.719
       4.103      228.100      213.258     9604.719
       5.129      239.700      247.172     9604.719
       6.162      202.400      289.801     9612.719
       7.195      207.300      178.219     9874.742
       8.233      200.300      204.129     9882.797
       9.253       55.700      197.906     9874.797
      10.276       38.200      199.426     9874.797
      11.296       29.300      202.406     9874.797
      12.321       28.500      203.469     9874.797
      13.337       24.600      204.406     9874.797
      14.353       23.500      205.980     9874.797
      15.375       22.600      207.316     9874.797
      16.391       22.600      208.359     9874.797
      17.408       23.400      209.953     9874.797
      18.432       16.600      211.254     9874.797
      19.459       41.200      210.199     9872.797
      20.478       32.400      211.801     9872.797
      21.501       27.100      211.844     9871.797
      22.532       23.400      213.148     9871.797
      23.558       33.100      213.801     9870.797
      24.582       21.800      215.840     9870.797
      25.597       22.500      217.164     9870.797
      26.618       30.500      225.273     9870.797
      27.633       25.500      225.492     9870.797
      28.657       19.400      225.672     9870.797
      29.679       26.400      225.742     9870.797
      30.702       19.600      225.820     9870.797
      31.721       14.600      225.914     9870.797
      32.749       18.600      226.242     9870.797
      33.772       35.000      227.867     9870.797
      34.801       29.600      227.336     9869.797
      35.816       14.700      227.336     9869.797
      36.839       31.500      227.629     9869.797
      37.854       37.100      227.020     9868.797
      38.879       14.700      227.055     9868.797
      39.897       10.700      227.055     9868.797
      40.922       16.600      227.055     9868.797
      41.944       10.700      227.055     9868.797
      42.965       17.700      227.215     9868.797
      43.984       22.700      227.215     9868.797
      45.001        9.700      227.215     9868.797
      46.030       12.700      227.242     9868.797
      47.048       16.500      227.992     9868.797
      48.076       10.800      228.520     9868.797
      49.094       15.600      229.289     9868.797
      50.119       12.700      229.289     9868.797
      51.145        9.800      229.402     9868.797
      52.164       15.700      229.402     9868.797
      53.186       31.500      229.586     9868.797
      54.202       12.800      229.586     9868.797
      55.221       19.700      229.637     9868.797
      56.235       20.400      229.891     9868.797
      57.262       17.600      229.891     9868.797
      58.285       13.600      229.891     9868.797
      59.312       10.900      229.891     9868.797
      60.330       23.300      229.891     9868.797
      61.358       14.600      229.891     9868.797
      62.382       28.500      229.613     9868.797
      63.399       13.800      229.867     9868.797
      64.414       11.800      229.867     9868.797
      65.431        5.900      229.867     9868.797
      66.454       27.500      229.867     9868.797
      67.471        7.900      229.867     9868.797
      68.489       10.700      229.066     9867.797
      69.512       29.500      229.066     9867.797
      70.529       42.200      228.246     9866.797
      71.549        6.900      228.289     9866.797
      72.567        9.800      227.348     9865.797
      73.588       10.800      227.348     9865.797
      74.602        8.800      227.348     9865.797
      75.620       41.900      226.797     9865.797
      76.647       30.200      224.449     9862.797
      77.672       21.700      224.449     9862.797
      78.687       21.500      224.695     9863.797
      79.712       11.800      225.203     9863.797
      80.730        5.800      225.203     9863.797
      81.759        8.800      225.203     9863.797
      82.783       40.100      222.574     9860.797
      83.806       41.200      222.629     9860.797
      84.825       12.800      222.629     9860.797
      85.841       21.800      222.629     9860.797
      86.856        9.700      222.660     9860.797
      87.880       14.600      222.660     9860.797
      88.910       19.600      222.660     9860.797
      89.926       27.200      223.691     9861.797
      90.954       38.100      222.160     9860.797
      91.975       11.700      221.883     9859.797
      93.002       10.800      222.652     9859.797
      94.022        7.900      222.652     9859.797
      95.040        7.900      203.574     9842.797
      96.062       16.600      221.176     9860.797
      97.079       26.400      235.027     9873.797
      98.103        4.900      235.027     9873.797
      99.122       19.600      235.574     9873.797
     100.143        2.900      191.699     9822.531
     101.165        4.900      203.125     9843.797
     102.189        7.900      191.703     9822.531
     103.205       24.500      224.781     9862.797
     104.226       31.400      228.633     9866.797
     105.241       22.700      237.227     9874.797
     106.253       11.800      237.480     9874.797
     107.269        4.900      237.480     9874.797
     108.297        4.900      237.480     9874.797
     109.324        4.900      237.480     9874.797
     110.343        5.900      237.480     9874.797
     111.363       22.400      237.480     9874.797
     112.390        3.900      237.480     9874.797
     113.406        3.900      191.797     9822.531
     114.426        1.000      191.797     9822.531
     115.451        3.900      191.797     9822.531
     116.466       29.500      226.254     9865.797
     117.489        2.900      226.254     9865.797
     118.507       29.200      236.129     9873.797
     119.533       44.600      236.004     9873.797
     120.563       14.600      236.004     9873.797
     121.596        5.900      236.004     9873.797
     122.614        4.900      236.004     9873.797
     123.639        5.900      236.004     9873.797
     124.665        4.900      191.863     9822.531
     125.688        4.900      192.043     9822.531
     126.701        5.900      204.105     9843.797
     127.715        4.900      192.043     9822.531
     128.739        5.900      192.043     9822.531
     129.761        2.900      192.043     9822.531
     130.780       14.800      215.262     9855.797
     131.796       11.800      224.422     9865.797
     132.813       15.700      215.223     9856.797
     133.834       12.700      223.719     9865.797
