# Elapsed time   CPU (%)     Real (MB)   Virtual (MB)
       0.003        0.000       29.742     8597.742
       1.031      241.000      111.293     9003.656
       2.061      221.700      136.297     9526.719
       3.088      235.500      148.773     9591.719
       4.112      226.800      201.406     9599.719
       5.135      250.900      235.277     9599.719
       6.171      213.700      275.770     9600.719
       7.197      227.700      176.250     9874.742
       8.220      219.700      195.941     9874.797
       9.238      138.200      203.379     9874.797
      10.258       86.100      208.309     9874.797
      11.281       83.500      213.625     9874.797
      12.311      111.000      216.309     9873.797
      13.328       99.100      228.324     9872.797
      14.348       76.900      228.684     9872.797
      15.375       58.700      231.102     9872.797
      16.397       65.900      231.672     9872.797
      17.414       69.200      231.914     9872.797
      18.441       63.100      233.316     9872.797
      19.455       53.000      233.320     9872.797
      20.475       44.700      238.641     9872.797
      21.502       61.100      238.734     9872.797
      22.517       53.100      238.758     9872.797
      23.533       39.100      238.766     9872.797
      24.564       50.600      238.766     9872.797
      25.585       35.300      238.766     9872.797
      26.605       60.800      239.246     9873.797
      27.626       34.700      237.984     9871.797
      28.661       82.500      238.496     9872.797
      29.683       65.600      259.105     9892.797
      30.700       64.800      242.207     9875.797
      31.734       39.200      241.477     9874.797
      32.754       56.700      240.496     9873.797
      33.774       19.700      240.496     9873.797
      34.790       31.200      239.562     9872.797
      35.817       39.900      239.562     9872.797
      36.849       57.800      239.496     9872.797
      37.870       24.400      237.645     9870.797
      38.887       37.200      236.668     9869.797
      39.911       24.400      236.676     9869.797
      40.934       45.100      235.980     9868.797
      41.953       11.800      235.980     9868.797
      42.968       11.800      235.980     9868.797
      43.984       43.200      234.020     9868.797
      45.005       51.400      246.633     9880.797
      46.017       22.400      247.969     9880.797
      47.044       44.300      242.102     9874.797
      48.068       35.000      242.293     9874.797
      49.090       15.700      242.293     9874.797
      50.109       12.700      242.293     9874.797
      51.129       41.300      242.293     9874.797
      52.148       10.700      196.512     9822.531
      53.174       13.600      211.102     9846.797
      54.200       29.400      231.320     9865.797
      55.222       15.600      215.156     9850.797
      56.249        9.700      215.414     9851.797
      57.276       14.800      218.758     9856.797
      58.296       13.600      222.969     9862.797
      59.319       25.400      230.719     9865.797
      60.343       34.100      233.148     9866.797
      61.372       14.600      233.316     9866.797
      62.392        9.800      233.316     9866.797
      63.412       10.800      233.316     9866.797
      64.430       10.900      233.316     9866.797
      65.442       11.800      202.082     9840.797
      66.463       22.300      223.051     9857.797
      67.495       24.500      229.141     9862.797
      68.515      102.800      241.527     9873.797
      69.536        9.800      196.648     9822.531
      70.555       59.100      243.375     9876.797
      71.570        9.800      243.375     9876.797
      72.595       18.600      243.375     9876.797
      73.616       47.400      241.734     9873.797
      74.631       25.300      241.758     9873.797
      75.663       34.100      229.609     9863.797
      76.684       15.700      230.125     9863.797
      77.704        9.800      230.125     9863.797
      78.722       20.600      230.660     9863.797
      79.742        9.800      230.660     9863.797
      80.765       11.700      196.934     9822.531
      81.791       17.600      216.512     9850.797
      82.815       10.800      216.770     9851.797
      83.835        8.800      216.770     9851.797
      84.852       18.600      229.906     9865.797
      85.874       23.700      234.020     9866.797
      86.890       24.400      234.387     9866.797
      87.912       20.600      234.387     9866.797
      88.931       19.500      217.922     9852.797
      89.958        9.800      218.691     9853.797
      90.980       10.700      197.016     9822.531
      92.007        9.800      197.016     9822.531
      93.025       31.200      230.570     9864.797
      94.050       13.800      230.570     9864.797
      95.066       27.500      234.465     9867.797
      96.084       11.700      209.242     9843.797
      97.107       15.700      216.633     9851.797
      98.126        9.800      217.148     9852.797
      99.149       21.600      233.797     9870.797
     100.165       19.700      235.445     9870.797
     101.180       62.900      241.207     9873.797
     102.197        8.800      241.207     9873.797
     103.218       29.300      241.727     9873.797
     104.242       15.700      241.727     9873.797
     105.263        9.900      197.168     9822.531
     106.279       32.100      235.176     9867.797
     107.306       11.800      197.199     9822.531
     108.325        8.900      197.199     9822.531
     109.340        8.800      197.199     9822.531
     110.363        9.700      197.199     9822.531
     111.400       11.600      197.199     9822.531
     112.428       22.500      224.035     9857.797
     113.450        8.800      197.207     9822.531
     114.471       24.500      231.004     9864.797
     115.491       36.900      233.258     9866.797
     116.520       13.700      197.246     9822.531
     117.545       27.500      232.730     9865.797
     118.562       14.600      233.500     9865.797
     119.592       26.700      234.836     9866.797
     120.636       13.800      197.289     9822.531
     121.663        9.700      197.289     9822.531
     122.687        7.800      197.289     9822.531
     123.705       10.800      197.289     9822.531
     124.720       11.700      197.289     9822.531
     125.744        7.900      197.289     9822.531
     126.763        9.800      197.289     9822.531
     127.781        7.800      197.289     9822.531
     128.804       11.700      197.289     9822.531
     129.828       13.800      214.109     9848.797
     130.844       10.700      197.293     9822.531
     131.871        9.800      197.293     9822.531
     132.886       11.800      197.293     9822.531
     133.904        7.900      197.293     9822.531
     134.922        9.800      197.293     9822.531
     135.939       11.700      209.859     9843.797
     136.965        8.800      197.297     9822.531
     137.984       12.700      209.109     9842.797
     139.009        9.800      210.422     9844.797
     140.029       12.700      213.770     9849.797
     141.052        9.800      197.301     9822.531
     142.082       11.700      197.309     9822.531
     143.103       14.700      214.199     9847.797
     144.122        8.800      197.312     9822.531
     145.144        9.800      197.312     9822.531
     146.166        8.800      197.312     9822.531
     147.184        9.800      197.312     9822.531
     148.205       33.100      232.727     9865.797
     149.230        9.800      232.727     9865.797
     150.244       10.700      197.348     9822.531
     151.270       10.700      197.348     9822.531
     152.292        8.800      197.348     9822.531
     153.316       11.700      197.348     9822.531
     154.341       10.900      209.793     9843.797
     155.356        9.800      197.348     9822.531
     156.379        7.900      197.348     9822.531
     157.395       11.700      208.543     9842.797
     158.423        8.700      197.348     9822.531
     159.452        9.700      197.348     9822.531
     160.477       10.800      209.605     9843.797
     161.498       19.700      220.352     9854.797
     162.512        9.900      222.152     9856.797
     163.527        9.800      197.359     9822.531
     164.549       10.700      197.359     9822.531
     165.574        9.800      197.359     9822.531
     166.588        8.800      197.359     9822.531
     167.612       15.700      209.348     9842.797
     168.635       13.700      210.184     9843.797
     169.653       14.800      220.363     9855.797
     170.670       15.600      228.586     9864.797
     171.697       11.700      228.586     9864.797
     172.721        8.800      228.586     9864.797
     173.741       19.500      231.691     9865.797
     174.768       24.600      232.895     9865.797
     175.786       53.800      235.152     9866.797
     176.809       21.500      239.531     9872.797
     177.832        8.800      197.488     9822.531
     178.848       14.700      212.699     9846.797
     179.868       42.700      239.773     9871.797
     180.899        7.800      239.773     9871.797
     181.920        9.700      239.773     9871.797
     182.946       21.600      240.273     9871.797
     183.964       10.800      197.863     9822.531
     184.980        8.800      197.863     9822.531
     185.999        7.800      197.863     9822.531
     187.024       36.100      235.742     9867.797
     188.047        8.800      197.879     9822.531
     189.070       10.800      197.879     9822.531
     190.092        9.700      197.879     9822.531
     191.116        9.800      197.879     9822.531
     192.147        8.700      197.879     9822.531
     193.169        7.800      197.879     9822.531
     194.195        9.800      197.879     9822.531
     195.218        8.800      197.879     9822.531
     196.237       11.800      210.449     9843.797
     197.252        5.900      197.879     9822.531
     198.266       28.200      234.398     9865.797
     199.292        8.900      234.398     9865.797
     200.307        8.800      197.906     9822.531
     201.335       17.600      222.312     9855.797
     202.357       18.600      230.879     9863.797
     203.379        9.800      197.922     9822.531
     204.396       42.200      234.574     9865.797
     205.415       12.800      197.961     9822.531
     206.433        9.700      197.961     9822.531
     207.463       22.200      225.602     9860.797
     208.495       11.800      230.062     9864.797
     209.512        8.800      197.980     9822.531
     210.540        9.800      197.980     9822.531
     211.553       24.600      234.008     9865.797
     212.572        9.800      197.992     9822.531
     213.591       24.400      232.148     9864.797
     214.616       10.700      198.012     9822.531
     215.650        7.800      198.012     9822.531
     216.673        7.800      198.012     9822.531
     217.700        8.800      198.012     9822.531
     218.723        8.800      198.012     9822.531
     219.743        8.700      198.012     9822.531
     220.772        5.900      198.012     9822.531
     221.789        9.700      198.012     9822.531
     222.816        6.900      198.012     9822.531
     223.832        8.800      198.012     9822.531
     224.848        7.800      198.012     9822.531
     225.869       11.800      210.672     9844.797
     226.888        7.800      198.012     9822.531
     227.908        8.900      198.012     9822.531
     228.923       19.600      222.926     9855.797
     229.941       10.700      198.020     9822.531
     230.970        8.800      198.020     9822.531
     231.987       46.200      242.023     9873.797
     233.005        8.800      198.066     9822.531
     234.030       11.800      198.066     9822.531
     235.046       21.500      224.512     9857.797
     236.067       19.500      233.309     9865.797
     237.093       15.700      216.430     9849.797
     238.113        5.900      198.086     9822.531
     239.135        9.700      198.086     9822.531
     240.166        6.800      198.086     9822.531
     241.191        8.900      198.086     9822.531
     242.207       10.800      209.004     9841.797
     243.224        7.800      198.086     9822.531
     244.246        9.800      198.086     9822.531
     245.270        8.800      198.086     9822.531
     246.293        8.800      198.086     9822.531
     247.310        7.800      198.086     9822.531
     248.334        7.800      198.086     9822.531
     249.361       14.700      217.586     9850.797
     250.375        8.800      198.094     9822.531
     251.406        9.700      198.094     9822.531
     252.435        8.800      198.094     9822.531
     253.452        6.900      198.094     9822.531
     254.471       10.700      198.098     9822.531
     255.492        7.900      198.098     9822.531
     256.511        7.800      198.098     9822.531
     257.532       10.800      198.098     9822.531
     258.548        8.800      198.098     9822.531
     259.571       32.500      233.770     9865.797
     260.585        8.900      233.770     9865.797
     261.606        8.800      198.117     9822.531
     262.629       45.000      234.086     9865.797
     263.647        9.800      198.355     9822.531
     264.665        7.800      198.355     9822.531
     265.683        7.800      198.355     9822.531
     266.704        8.800      198.355     9822.531
     267.726        8.700      198.355     9822.531
     268.756        7.900      198.355     9822.531
     269.776        7.800      198.355     9822.531
     270.797       11.700      198.355     9822.531
     271.821        8.800      198.355     9822.531
     272.847        8.800      198.355     9822.531
     273.865        7.800      198.355     9822.531
     274.884       10.700      198.355     9822.531
     275.908        7.800      198.355     9822.531
     276.928        7.800      198.355     9822.531
     277.950        8.800      198.355     9822.531
     278.973        7.900      198.355     9822.531
     279.990        7.800      198.355     9822.531
     281.020        8.800      198.355     9822.531
     282.045        8.800      198.355     9822.531
     283.065       10.800      198.355     9822.531
     284.085        9.800      210.328     9842.797
     285.105       10.800      198.355     9822.531
     286.123       20.600      225.383     9858.797
     287.142        8.700      198.367     9822.531
     288.171       10.700      198.367     9822.531
     289.196       30.300      236.371     9867.797
     290.217        9.900      236.371     9867.797
     291.229       24.600      237.344     9867.797
     292.247        7.900      199.363     9822.531
     293.266        9.800      199.363     9822.531
     294.291        6.800      199.363     9822.531
     295.312        8.800      199.363     9822.531
     296.331       30.500      199.363     9822.531
     297.349        7.800      199.363     9822.531
     298.373        7.800      199.363     9822.531
     299.403        8.800      199.363     9822.531
     300.421        9.800      199.363     9822.531
     301.441        7.800      199.363     9822.531
     302.466       29.300      199.363     9822.531
     303.489        8.800      199.363     9822.531
     304.514       11.700      199.363     9822.531
     305.537        8.700      199.363     9822.531
     306.559        9.800      199.363     9822.531
     307.576       25.500      199.363     9822.531
     308.593        7.800      199.363     9822.531
     309.617        7.800      199.363     9822.531
     310.642        8.800      199.762     9822.531
     311.661        7.900      205.000     9822.531
     312.681        7.900      207.578     9822.531
     313.700       10.800      214.281     9822.531
     314.721        8.800      221.758     9822.531
     315.740       24.500      257.207     9860.797
     316.759       14.800      270.383     9865.797
     317.777        8.800      244.465     9822.531
     318.798        8.800      251.941     9822.531
     319.822        9.800      259.418     9822.531
     320.844        8.900      267.145     9822.531
     321.859        7.900      275.137     9822.531
     322.876       10.800      283.387     9822.531
     323.897       10.800      292.152     9822.531
     324.922        8.800      299.887     9822.531
     325.944        6.900      307.621     9822.531
     326.958        8.900      314.832     9822.531
     327.975       10.800      318.949     9822.531
     328.990        8.800      318.949     9822.531
     330.011        8.800      318.949     9822.531
     331.038        7.800      318.949     9822.531
     332.061        7.900      318.949     9822.531
     333.083        8.800      318.949     9822.531
     334.108        7.800      318.949     9822.531
     335.128        8.800      318.949     9822.531
     336.147        7.900      318.949     9822.531
     337.162        8.800      318.949     9822.531
     338.185        7.900      318.949     9822.531
     339.205        7.800      318.949     9822.531
     340.227        8.800      318.949     9822.531
     341.250        7.800      318.949     9822.531
     342.270       10.800      323.074     9822.531
     343.286       82.500      408.508     9915.797
     344.303       19.700      376.863     9882.797
     345.320        7.800      323.129     9822.531
     346.343        8.800      323.129     9822.531
     347.363        7.900      323.129     9822.531
     348.380        8.800      323.129     9822.531
     349.402        8.700      323.129     9822.531
     350.433        6.800      323.129     9822.531
     351.460        8.800      323.129     9822.531
     352.488        8.700      323.129     9822.531
     353.513        8.800      323.129     9822.531
     354.531        7.800      323.129     9822.531
     355.553        7.800      323.129     9822.531
     356.572       11.800      323.129     9822.531
     357.590        8.800      323.129     9822.531
     358.617        8.800      323.129     9822.531
     359.634        7.800      323.129     9822.531
     360.659        9.700      323.129     9822.531
     361.680        6.800      323.129     9822.531
     362.706       16.600      343.953     9852.797
     363.732        8.800      323.137     9822.531
     364.745        8.900      323.137     9822.531
     365.762        7.800      323.137     9822.531
     366.782        7.800      323.137     9822.531
     367.805       25.700      359.570     9866.797
     368.819       10.800      323.160     9822.531
     369.836        7.900      323.160     9822.531
     370.852       16.700      325.223     9822.531
     371.872        7.800      325.223     9822.531
     372.892        8.900      325.223     9822.531
     373.907        6.800      325.223     9822.531
     374.929       16.700      346.434     9852.797
     375.947       10.800      325.230     9822.531
     376.968       12.700      341.188     9846.797
     377.990        9.800      325.234     9822.531
     379.016        7.900      325.234     9822.531
     380.030        7.800      325.234     9822.531
     381.056        6.900      325.234     9822.531
     382.069        6.900      325.234     9822.531
     383.084        7.800      325.234     9822.531
     384.108        9.800      325.234     9822.531
     385.138       11.500      325.234     9822.531
     386.174        8.900      325.234     9822.531
     387.190        9.800      325.234     9822.531
     388.207        8.800      325.234     9822.531
     389.228        7.800      325.234     9822.531
     390.247        7.800      325.234     9822.531
     391.268        9.700      325.234     9822.531
     392.304        6.800      325.234     9822.531
     393.319        8.800      325.406     9822.531
     394.336        7.800      325.406     9822.531
     395.356        8.800      325.406     9822.531
     396.384        8.800      325.406     9822.531
     397.407        6.800      325.406     9822.531
     398.429        8.800      325.406     9822.531
     399.454        6.900      325.406     9822.531
     400.471       11.800      326.953     9822.531
     401.488        8.800      326.953     9822.531
     402.511        7.900      326.953     9822.531
     403.529        8.800      326.953     9822.531
     404.548        8.900      326.953     9822.531
     405.562        5.900      326.953     9822.531
     406.586        7.800      326.953     9822.531
     407.607        7.800      326.953     9822.531
     408.630        8.800      326.953     9822.531
     409.653        7.900      326.953     9822.531
     410.668        7.800      326.953     9822.531
     411.690        7.800      326.953     9822.531
     412.708        9.800      326.953     9822.531
     413.726        5.900      326.953     9822.531
     414.750       14.800      326.953     9822.531
     415.768        7.800      326.953     9822.531
     416.794        8.800      326.953     9822.531
     417.820        9.800      326.953     9822.531
     418.840        8.700      326.953     9822.531
     419.871        9.800      326.953     9822.531
     420.887        6.900      326.953     9822.531
     421.909        8.800      326.953     9822.531
     422.927        7.900      326.953     9822.531
     423.948        7.800      326.953     9822.531
     424.975        8.800      326.953     9822.531
     426.002        8.800      326.953     9822.531
     427.029        8.800      326.953     9822.531
     428.046       15.700      328.500     9822.531
     429.066        8.800      328.500     9822.531
     430.088        8.800      328.500     9822.531
     431.106        7.800      328.500     9822.531
     432.129        7.800      328.500     9822.531
     433.154        7.800      328.500     9822.531
     434.177        7.900      328.500     9822.531
     435.194        6.900      328.500     9822.531
     436.211        8.800      328.500     9822.531
     437.235        7.800      328.500     9822.531
     438.264        6.800      328.500     9822.531
     439.287        7.800      328.500     9822.531
     440.317        7.700      328.500     9822.531
     441.340        7.800      328.500     9822.531
     442.366       11.700      328.500     9822.531
     443.389        5.900      328.500     9822.531
     444.410        6.800      328.500     9822.531
     445.430        7.900      328.500     9822.531
     446.449        7.800      328.500     9822.531
     447.470        6.900      328.500     9822.531
     448.486        7.800      328.500     9822.531
     449.506        8.800      328.500     9822.531
     450.531        8.800      328.500     9822.531
     451.548        7.900      328.500     9822.531
     452.563        8.700      328.500     9822.531
     453.592        7.800      328.500     9822.531
     454.614        7.900      328.500     9822.531
     455.630        7.900      328.500     9822.531
     456.647       12.800      330.047     9822.531
     457.666        8.700      330.047     9822.531
     458.694        7.800      330.047     9822.531
     459.713        6.800      330.047     9822.531
     460.738        8.900      330.047     9822.531
     461.755       12.700      344.816     9846.797
     462.775        7.800      330.047     9822.531
     463.800        8.900      330.047     9822.531
     464.814       55.700      374.930     9874.797
     465.846       10.700      330.074     9822.531
     466.862        7.900      330.074     9822.531
     467.878        8.800      330.074     9822.531
     468.906        8.800      330.074     9822.531
     469.930        8.800      330.074     9822.531
     470.955       11.800      330.074     9822.531
     471.971        8.900      330.074     9822.531
     472.988        7.800      330.074     9822.531
     474.019        8.900      330.074     9822.531
     475.033        5.800      330.074     9822.531
     476.064        8.800      330.074     9822.531
     477.080        8.800      330.074     9822.531
     478.106        8.800      330.074     9822.531
     479.121        8.800      330.074     9822.531
     480.141       29.500      365.695     9865.797
     481.157        6.800      330.078     9822.531
     482.183        8.800      330.078     9822.531
     483.205       25.400      360.426     9861.797
     484.230       34.200      374.812     9873.797
     485.252       14.800      330.121     9822.531
     486.266        7.800      330.121     9822.531
     487.291        8.800      330.121     9822.531
     488.316        9.800      330.121     9822.531
     489.346        6.800      330.121     9822.531
     490.368       10.800      341.969     9842.797
     491.382        7.900      330.121     9822.531
     492.399        9.800      330.121     9822.531
     493.424        7.800      330.121     9822.531
     494.446        8.800      330.121     9822.531
     495.473        8.800      330.121     9822.531
     496.490        8.800      330.121     9822.531
     497.506        7.900      330.121     9822.531
     498.520        6.900      330.121     9822.531
     499.536       13.700      330.121     9822.531
     500.558        5.800      330.121     9822.531
     501.585        7.900      330.121     9822.531
     502.599        7.900      330.121     9822.531
     503.618        7.800      330.121     9822.531
     504.638        6.800      330.121     9822.531
     505.662        8.900      330.121     9822.531
     506.676        8.800      330.121     9822.531
     507.702        6.800      330.121     9822.531
     508.723        8.800      330.121     9822.531
     509.747        8.800      330.121     9822.531
     510.774        7.800      330.121     9822.531
     511.795        8.800      330.121     9822.531
     512.821        6.900      330.121     9822.531
     513.838       15.700      330.121     9822.531
     514.858        7.800      330.121     9822.531
     515.898        9.500      330.121     9822.531
     516.938        8.800      330.121     9822.531
     517.963       11.800      347.051     9847.797
     518.982        8.800      330.125     9822.531
     520.007        7.800      330.125     9822.531
     521.030        6.900      330.125     9822.531
     522.056        8.800      330.125     9822.531
     523.077        7.800      330.125     9822.531
     524.100        7.800      330.125     9822.531
     525.120        8.800      330.125     9822.531
     526.143        8.800      330.125     9822.531
     527.164        8.800      330.125     9822.531
     528.187       11.700      330.148     9822.531
     529.209        7.800      330.148     9822.531
     530.235        9.800      330.148     9822.531
     531.252        8.800      330.148     9822.531
     532.275       11.600      330.148     9822.531
     533.306        7.800      330.148     9822.531
     534.338        8.800      330.148     9822.531
     535.358        7.800      330.148     9822.531
     536.385       10.700      330.148     9822.531
     537.419        7.800      330.148     9822.531
     538.441        7.800      330.148     9822.531
     539.466        9.800      330.148     9822.531
     540.488        7.900      330.148     9822.531
     541.505        9.800      330.148     9822.531
     542.520       12.700      330.406     9822.531
     543.548        7.900      330.406     9822.531
     544.563        8.800      330.406     9822.531
     545.586        7.700      330.406     9822.531
     546.620        7.900      330.406     9822.531
     547.633        8.900      330.406     9822.531
     548.650        9.800      330.406     9822.531
     549.670        8.900      330.406     9822.531
     550.687        7.900      330.406     9822.531
     551.704        8.700      330.406     9822.531
     552.734        7.800      330.406     9822.531
     553.762        9.400      330.406     9822.531
     554.828        8.800      330.406     9822.531
     555.844        6.900      330.406     9822.531
     556.863       16.700      330.406     9822.531
     557.880        7.800      330.406     9822.531
     558.901        7.900      330.406     9822.531
     559.920        7.900      330.406     9822.531
     560.942        7.900      330.406     9822.531
     561.968        9.700      330.406     9822.531
     562.987        7.900      330.406     9822.531
     564.003        7.900      330.406     9822.531
     565.019        8.800      330.406     9822.531
     566.035        8.900      330.406     9822.531
     567.052        7.800      330.406     9822.531
     568.073       27.300      366.152     9865.797
     569.097        8.800      330.426     9822.531
     570.122       15.700      330.941     9822.531
     571.143        7.900      330.941     9822.531
     572.162        7.800      330.941     9822.531
     573.184        8.800      330.941     9822.531
     574.199        8.800      330.941     9822.531
     575.224        6.800      330.941     9822.531
     576.251        7.700      330.941     9822.531
     577.288        7.600      330.941     9822.531
     578.333        6.900      330.941     9822.531
     579.349        7.800      330.941     9822.531
     580.372        9.800      330.941     9822.531
     581.392        8.800      341.965     9841.797
     582.416        9.800      330.941     9822.531
     583.438        6.900      330.941     9822.531
     584.450       10.700      331.199     9822.531
     585.478        7.900      331.199     9822.531
     586.493        8.900      331.199     9822.531
     587.507        6.800      331.199     9822.531
     588.530        7.900      331.199     9822.531
     589.544        8.800      331.199     9822.531
     590.565        9.800      331.199     9822.531
     591.586        7.800      331.199     9822.531
     592.609        8.800      331.199     9822.531
     593.627        5.900      331.199     9822.531
     594.648        7.900      331.199     9822.531
     595.665        8.800      331.199     9822.531
     596.695        7.800      331.199     9822.531
     597.711       15.700      331.199     9822.531
     598.732        7.800      331.199     9822.531
     599.756        7.900      331.199     9822.531
     600.770        6.900      331.199     9822.531
     601.790        9.800      331.199     9822.531
     602.808        7.900      331.199     9822.531
     603.820        8.900      331.199     9822.531
     604.838        6.800      331.199     9822.531
     605.867        7.900      331.199     9822.531
     606.885        8.800      331.199     9822.531
     607.911        6.900      331.199     9822.531
     608.929        7.800      331.199     9822.531
     609.954        8.900      331.199     9822.531
     610.971       12.200      331.457     9822.531
     612.029        8.800      331.457     9822.531
     613.055        8.800      331.457     9822.531
     614.081        8.800      331.457     9822.531
     615.107        8.900      331.457     9822.531
     616.123        5.900      331.457     9822.531
     617.149        8.800      331.457     9822.531
     618.170        9.700      331.457     9822.531
     619.198        8.800      331.457     9822.531
     620.222        7.800      331.457     9822.531
     621.243        9.800      331.457     9822.531
     622.264        8.800      331.457     9822.531
     623.282       11.800      331.457     9822.531
     624.301        8.800      331.457     9822.531
     625.315        7.900      331.457     9822.531
     626.334        7.800      331.457     9822.531
     627.350        7.800      331.457     9822.531
     628.376        7.900      331.457     9822.531
     629.393        8.800      331.457     9822.531
     630.421        8.800      331.457     9822.531
     631.442        7.900      331.457     9822.531
     632.461        8.800      331.457     9822.531
     633.483        7.800      331.457     9822.531
     634.509        8.800      331.457     9822.531
     635.528        7.900      331.457     9822.531
     636.542       14.800      331.457     9822.531
     637.558       11.800      345.301     9844.797
     638.573        6.900      331.457     9822.531
     639.585        9.800      331.457     9822.531
     640.600        7.900      331.457     9822.531
     641.616        6.900      331.457     9822.531
     642.637        8.700      331.457     9822.531
     643.671        9.800      331.457     9822.531
     644.696        8.700      331.457     9822.531
     645.721        8.800      331.457     9822.531
     646.745        7.800      331.457     9822.531
     647.765        8.800      331.457     9822.531
     648.787        8.800      331.457     9822.531
     649.808       12.800      331.457     9822.531
     650.823        6.800      331.457     9822.531
     651.845        8.800      331.457     9822.531
     652.868        8.800      331.457     9822.531
     653.894        9.800      331.457     9822.531
     654.916        9.800      331.457     9822.531
     655.936        6.800      331.457     9822.531
     656.961        7.800      331.457     9822.531
     657.987        7.800      331.457     9822.531
     659.010        8.700      331.457     9822.531
     660.040        7.800      331.457     9822.531
     661.063        6.800      331.457     9822.531
     662.086        6.800      331.457     9822.531
     663.113       14.700      331.457     9822.531
     664.131        8.800      331.457     9822.531
     665.150        6.900      331.457     9822.531
     666.164        7.900      331.457     9822.531
     667.181        8.800      331.457     9822.531
     668.198        8.800      331.457     9822.531
     669.220        6.900      331.457     9822.531
     670.236        6.800      331.457     9822.531
     671.271        7.800      331.457     9822.531
     672.287        8.900      331.457     9822.531
     673.304        7.800      331.457     9822.531
     674.326        8.800      331.457     9822.531
     675.345       10.500      331.457     9822.531
     676.393       11.800      331.457     9822.531
     677.407        8.800      331.457     9822.531
     678.432        7.800      331.457     9822.531
     679.455        8.800      331.457     9822.531
     680.478        7.800      331.457     9822.531
     681.502        8.900      331.457     9822.531
     682.518        6.800      331.457     9822.531
     683.540        8.800      331.457     9822.531
     684.562        5.900      331.457     9822.531
     685.591        7.900      331.457     9822.531
     686.604        8.800      331.457     9822.531
     687.621       14.600      350.855     9850.797
     688.650        7.900      331.461     9822.531
     689.668       15.700      331.461     9822.531
     690.688        6.900      331.461     9822.531
     691.703        7.800      331.461     9822.531
     692.724        6.800      331.461     9822.531
     693.752        8.900      331.461     9822.531
     694.766        6.900      331.461     9822.531
     695.789        8.800      331.461     9822.531
     696.808        8.800      331.461     9822.531
     697.828        6.800      331.461     9822.531
     698.856        9.800      331.461     9822.531
     699.876        6.800      331.461     9822.531
     700.903        7.900      331.461     9822.531
     701.920       12.700      331.461     9822.531
     702.948        8.800      331.461     9822.531
     703.968        8.900      331.461     9822.531
     704.985       40.200      375.648     9873.797
     706.002       33.300      378.672     9876.797
     707.022        9.800      331.547     9822.531
     708.039        7.800      331.547     9822.531
     709.061        8.800      331.547     9822.531
     710.082        7.800      331.547     9822.531
     711.103        7.900      331.547     9822.531
     712.119        9.800      331.547     9822.531
     713.138        6.800      331.547     9822.531
     714.161       10.800      331.547     9822.531
     715.176        6.800      331.547     9822.531
     716.201        7.900      331.547     9822.531
     717.219        8.900      331.547     9822.531
     718.235        6.800      331.547     9822.531
     719.259        7.900      331.547     9822.531
     720.272        9.900      331.547     9822.531
     721.288        7.900      331.547     9822.531
     722.305        8.800      331.547     9822.531
     723.323        7.800      331.547     9822.531
     724.344        7.800      331.547     9822.531
     725.366        7.900      331.547     9822.531
     726.386       12.700      331.547     9822.531
     727.408        8.700      331.547     9822.531
     728.436        6.900      331.547     9822.531
     729.456        9.800      331.547     9822.531
     730.475        8.800      331.547     9822.531
     731.493        8.900      331.547     9822.531
     732.509        7.800      331.547     9822.531
     733.530       10.700      344.395     9844.797
     734.557        6.900      331.551     9822.531
     735.575        8.800      331.551     9822.531
     736.592        8.800      331.551     9822.531
     737.610        7.900      331.551     9822.531
     738.626        9.900      331.551     9822.531
     739.641       10.900      331.551     9822.531
     740.654        9.800      331.551     9822.531
     741.677        7.800      331.551     9822.531
     742.702        6.900      331.551     9822.531
     743.717        8.900      331.551     9822.531
     744.733        9.800      331.551     9822.531
     745.755        6.900      331.551     9822.531
     746.769        7.800      331.551     9822.531
     747.792        7.800      331.551     9822.531
     748.814        7.900      331.551     9822.531
     749.828        7.800      331.551     9822.531
     750.857       14.800      331.551     9822.531
     751.871        7.800      331.551     9822.531
     752.896        6.900      331.551     9822.531
     753.912        7.800      331.551     9822.531
     754.950        9.700      331.551     9822.531
     755.967        8.900      331.551     9822.531
     756.982        7.900      331.551     9822.531
     758.000        7.900      331.551     9822.531
     759.014        8.800      331.551     9822.531
     760.038        8.800      331.551     9822.531
     761.062        8.900      331.551     9822.531
     762.077        7.900      331.551     9822.531
     763.090        9.800      331.551     9822.531
     764.111        8.800      331.551     9822.531
     765.135        8.800      331.551     9822.531
     766.161        9.800      331.551     9822.531
     767.181        7.800      331.551     9822.531
     768.205        6.900      331.551     9822.531
     769.220        8.800      331.551     9822.531
     770.240        7.800      331.551     9822.531
     771.261        7.800      331.551     9822.531
     772.287        8.900      331.551     9822.531
     773.305        8.700      331.551     9822.531
     774.331       12.700      331.551     9822.531
     775.353        9.800      331.551     9822.531
     776.372        8.800      331.551     9822.531
     777.388        8.800      331.551     9822.531
     778.413        7.800      331.551     9822.531
     779.439        6.800      331.551     9822.531
     780.466        9.800      331.551     9822.531
     781.483        6.800      331.551     9822.531
     782.516       10.800      331.551     9822.531
     783.533        7.800      331.551     9822.531
     784.553        7.800      331.551     9822.531
     785.574       11.800      332.066     9822.531
     786.592        7.800      332.066     9822.531
     787.617        7.800      332.066     9822.531
     788.637        8.800      332.066     9822.531
     789.658        7.800      332.066     9822.531
     790.680        8.800      332.066     9822.531
     791.708        6.800      332.066     9822.531
     792.729        7.900      332.066     9822.531
     793.745        8.800      332.066     9822.531
     794.769        6.800      332.066     9822.531
     795.791        9.800      332.066     9822.531
     796.808       11.900      332.840     9822.531
     797.820        9.800      332.840     9822.531
     798.843        7.900      332.840     9822.531
     799.859        7.900      332.840     9822.531
     800.873        7.900      332.840     9822.531
     801.887        7.800      332.840     9822.531
     802.908        9.800      332.840     9822.531
     803.932        6.800      332.840     9822.531
     804.960        8.800      332.840     9822.531
     805.987        7.800      332.840     9822.531
     807.009        8.800      332.840     9822.531
     808.027       13.800      333.871     9822.531
     809.046        7.900      333.871     9822.531
     810.062        8.900      333.871     9822.531
     811.079        7.900      333.871     9822.531
     812.097        8.900      333.871     9822.531
     813.111        7.800      333.871     9822.531
     814.136        6.800      333.871     9822.531
     815.160        7.900      333.871     9822.531
     816.178        8.800      333.871     9822.531
     817.198        7.900      333.871     9822.531
     818.215        8.900      333.871     9822.531
     819.231       11.700      334.902     9822.531
     820.257        9.800      334.902     9822.531
     821.277        8.800      334.902     9822.531
     822.303        9.900      334.902     9822.531
     823.318        8.800      334.902     9822.531
     824.344        6.900      334.902     9822.531
     825.362        8.800      334.902     9822.531
     826.387        6.900      334.902     9822.531
     827.406        8.800      334.902     9822.531
     828.422        9.800      334.902     9822.531
     829.449        8.800      334.902     9822.531
     830.489       12.600      335.676     9822.531
     831.503        6.800      335.676     9822.531
     832.525        7.800      335.676     9822.531
     833.547        7.800      335.676     9822.531
     834.567        7.900      335.676     9822.531
     835.583        8.800      335.676     9822.531
     836.609        6.800      335.676     9822.531
     837.635        6.800      335.676     9822.531
     838.664        8.800      335.676     9822.531
     839.683        7.900      335.676     9822.531
     840.699       10.800      336.707     9822.531
     841.719        9.800      336.707     9822.531
     842.746        8.800      336.707     9822.531
     843.766        7.800      336.707     9822.531
     844.790        9.800      336.707     9822.531
     845.813        7.800      336.707     9822.531
     846.829        9.800      336.707     9822.531
     847.855        8.900      336.707     9822.531
     848.867        7.800      336.707     9822.531
     849.894        8.800      336.707     9822.531
     850.913        7.900      336.707     9822.531
     851.930       13.800      336.707     9822.531
     852.946        7.900      336.707     9822.531
     853.964       10.800      336.707     9822.531
     854.982        6.900      336.707     9822.531
     856.003        8.800      336.707     9822.531
     857.024        6.900      336.707     9822.531
     858.041        8.800      336.707     9822.531
     859.059        7.800      336.707     9822.531
     860.089        7.800      336.707     9822.531
     861.112        8.900      336.707     9822.531
     862.123        8.900      336.707     9822.531
     863.137       10.800      337.469     9822.531
     864.153        8.800      337.469     9822.531
     865.176        7.800      337.469     9822.531
     866.197        7.900      337.469     9822.531
     867.215        8.800      337.469     9822.531
     868.243        7.900      337.469     9822.531
     869.259        9.800      337.469     9822.531
     870.285        7.800      337.469     9822.531
     871.304        7.800      337.469     9822.531
     872.328        7.900      337.469     9822.531
     873.341       13.700      338.242     9822.531
     874.369        7.800      338.242     9822.531
     875.387        7.800      338.242     9822.531
     876.407        8.800      338.242     9822.531
     877.426        6.900      338.242     9822.531
     878.446        7.800      338.242     9822.531
     879.471        8.900      338.242     9822.531
     880.486        5.900      338.242     9822.531
     881.498        8.900      338.242     9822.531
     882.510        9.800      338.242     9822.531
     883.528        7.800      338.242     9822.531
     884.559       12.700      339.016     9822.531
     885.579        9.800      339.016     9822.531
     886.598        7.800      339.016     9822.531
     887.623        7.900      339.016     9822.531
     888.638       10.800      339.016     9822.531
     889.654        7.900      339.016     9822.531
     890.672        6.900      339.016     9822.531
     891.690        8.900      339.016     9822.531
     892.708        7.900      339.016     9822.531
     893.721        8.800      339.016     9822.531
     894.738        8.800      340.047     9822.531
     895.760        7.900      340.047     9822.531
     896.775        6.900      340.047     9822.531
     897.792        9.800      340.047     9822.531
     898.811        6.900      340.047     9822.531
     899.829        9.900      340.047     9822.531
     900.843        6.900      340.047     9822.531
     901.856        5.900      340.047     9822.531
     902.872        9.800      340.047     9822.531
     903.893        9.700      340.047     9822.531
     904.924        6.900      340.047     9822.531
     905.941       11.800      341.066     9822.531
     906.959        8.800      341.066     9822.531
     907.985        7.800      341.066     9822.531
     909.006        5.900      341.066     9822.531
     910.024        9.800      341.066     9822.531
     911.048        7.800      341.066     9822.531
     912.066        7.800      341.066     9822.531
     913.087        8.900      341.066     9822.531
     914.106        8.800      341.066     9822.531
     915.129        9.900      341.066     9822.531
     916.145        9.900      342.125     9822.531
     917.160        8.900      342.125     9822.531
     918.175        8.800      342.125     9822.531
     919.202        7.800      342.125     9822.531
     920.222        7.900      342.125     9822.531
     921.239        8.900      342.125     9822.531
     922.254        7.900      342.125     9822.531
     923.269        7.800      342.125     9822.531
     924.287        7.900      342.125     9822.531
     925.301        9.800      342.125     9822.531
     926.321       14.700      342.898     9822.531
     927.339        7.900      342.898     9822.531
     928.355        7.800      342.898     9822.531
     929.382        7.800      342.898     9822.531
     930.405        7.800      342.898     9822.531
     931.426        7.800      342.898     9822.531
     932.450        6.900      342.898     9822.531
     933.465        6.900      342.898     9822.531
     934.483        8.800      342.898     9822.531
     935.504        9.700      342.898     9822.531
     936.527       12.800      342.898     9822.531
     937.541        8.800      342.898     9822.531
     938.558        8.800      342.898     9822.531
     939.576        8.800      342.898     9822.531
     940.602        8.800      342.898     9822.531
     941.622        7.900      342.898     9822.531
     942.640        8.800      342.898     9822.531
     943.658        7.900      342.898     9822.531
     944.678        7.800      342.898     9822.531
     945.701        7.800      342.898     9822.531
     946.721       12.800      342.898     9822.531
     947.736        8.800      342.898     9822.531
     948.755        7.900      342.898     9822.531
     949.770        6.800      342.898     9822.531
     950.796        8.800      342.898     9822.531
     951.818        7.800      342.898     9822.531
     952.838        7.800      342.898     9822.531
     953.863        9.800      342.898     9822.531
     954.877        7.800      342.898     9822.531
     955.896        7.900      342.898     9822.531
     956.915       11.700      342.898     9822.531
     957.941        6.900      342.898     9822.531
     958.961        8.800      342.898     9822.531
     959.980        7.800      342.898     9822.531
     961.002        8.800      342.898     9822.531
     962.026        8.800      342.898     9822.531
     963.044        8.800      342.898     9822.531
     964.069        8.800      342.898     9822.531
     965.088        7.800      342.898     9822.531
     966.110        7.900      342.898     9822.531
     967.128       12.700      342.898     9822.531
     968.149        6.800      342.898     9822.531
     969.172        7.800      342.898     9822.531
     970.200        7.800      342.898     9822.531
     971.221        8.800      342.898     9822.531
     972.240        8.800      342.898     9822.531
     973.265        8.800      342.898     9822.531
     974.285        7.800      342.898     9822.531
     975.309        7.900      342.898     9822.531
     976.326       13.700      343.414     9822.531
     977.346        6.900      343.414     9822.531
     978.366        9.800      343.414     9822.531
     979.388        5.900      343.414     9822.531
     980.407        9.900      343.414     9822.531
     981.420        7.800      343.414     9822.531
     982.444        7.800      343.414     9822.531
     983.463        8.800      343.414     9822.531
     984.480        8.900      343.414     9822.531
     985.495        9.800      343.414     9822.531
     986.515       12.700      343.668     9822.531
     987.538        7.900      343.668     9822.531
     988.555        6.900      343.668     9822.531
     989.574        7.900      343.668     9822.531
     990.591        9.800      343.668     9822.531
     991.613        8.800      343.668     9822.531
     992.630        7.900      343.668     9822.531
     993.649        8.800      343.668     9822.531
     994.678        7.800      343.668     9822.531
     995.699        9.800      343.668     9822.531
     996.718       11.800      343.668     9822.531
     997.731        7.800      343.668     9822.531
     998.756        8.800      343.668     9822.531
     999.772        7.900      343.668     9822.531
    1000.787        6.900      343.668     9822.531
    1001.813        9.800      343.668     9822.531
    1002.831        7.900      343.668     9822.531
    1003.844       10.700      343.668     9822.531
    1004.869        6.800      343.668     9822.531
    1005.897       12.700      343.668     9822.531
    1006.922        8.800      343.668     9822.531
    1007.946        7.900      343.668     9822.531
    1008.958        7.800      343.668     9822.531
    1009.980        7.900      343.668     9822.531
    1010.995        7.800      343.668     9822.531
    1012.025        8.800      343.668     9822.531
    1013.040        8.800      343.668     9822.531
    1014.066        6.800      343.668     9822.531
    1015.091       13.700      343.668     9822.531
    1016.110        8.900      343.668     9822.531
    1017.128        8.800      343.668     9822.531
    1018.146        7.800      343.668     9822.531
    1019.172        8.800      343.668     9822.531
    1020.189        7.800      343.668     9822.531
    1021.210        7.800      343.668     9822.531
    1022.233        7.900      343.668     9822.531
    1023.247        7.800      343.668     9822.531
    1024.271        7.900      343.668     9822.531
    1025.286       14.800      343.668     9822.531
    1026.304        8.900      343.668     9822.531
    1027.321        6.900      343.668     9822.531
    1028.347        7.800      343.668     9822.531
    1029.366        7.800      343.668     9822.531
    1030.389        8.900      343.668     9822.531
    1031.406        6.800      343.668     9822.531
    1032.428        8.800      343.668     9822.531
    1033.459        9.800      343.668     9822.531
    1034.476       11.700      343.668     9822.531
    1035.499        6.800      343.668     9822.531
    1036.521        7.900      343.668     9822.531
    1037.538        8.800      343.668     9822.531
    1038.556        8.800      343.668     9822.531
    1039.586        7.800      343.668     9822.531
    1040.604        7.900      343.668     9822.531
    1041.617        6.900      343.668     9822.531
    1042.639        8.800      343.668     9822.531
    1043.657       11.900      343.668     9822.531
    1044.671        7.800      343.668     9822.531
    1045.691        7.800      343.668     9822.531
    1046.714        8.800      343.668     9822.531
    1047.733        7.800      343.668     9822.531
    1048.760        8.800      343.668     9822.531
    1049.789        7.900      343.668     9822.531
    1050.801        7.900      343.668     9822.531
    1051.820        8.800      343.668     9822.531
    1052.847        7.800      343.668     9822.531
    1053.873       10.700      343.668     9822.531
    1054.898        9.800      343.668     9822.531
    1055.920        8.800      343.668     9822.531
    1056.938        8.800      343.668     9822.531
    1057.961        6.900      343.668     9822.531
    1058.982        8.800      343.668     9822.531
    1060.004        6.800      343.668     9822.531
    1061.025        7.800      343.668     9822.531
    1062.055        6.800      343.668     9822.531
    1063.084       11.800      343.668     9822.531
    1064.108        7.800      343.668     9822.531
    1065.133        7.800      343.668     9822.531
    1066.153        6.900      343.668     9822.531
    1067.169        8.800      343.668     9822.531
    1068.193        7.800      343.668     9822.531
    1069.217        6.900      343.668     9822.531
    1070.236        6.900      343.668     9822.531
    1071.256        8.800      343.668     9822.531
    1072.283        7.900      343.668     9822.531
    1073.301       10.700      343.672     9822.531
    1074.335        7.800      343.672     9822.531
    1075.355        6.800      343.672     9822.531
    1076.378        8.900      343.672     9822.531
    1077.392        7.800      343.672     9822.531
    1078.419        8.700      343.672     9822.531
    1079.446        8.800      343.672     9822.531
    1080.468        8.800      343.672     9822.531
    1081.494        7.900      343.672     9822.531
    1082.510       13.800      343.672     9822.531
    1083.531        8.700      343.672     9822.531
    1084.560        8.800      343.672     9822.531
    1085.580        8.900      343.672     9822.531
    1086.594        8.800      343.672     9822.531
    1087.620        7.900      343.672     9822.531
    1088.639        8.700      343.672     9822.531
    1089.668        7.800      343.672     9822.531
    1090.691        9.700      343.672     9822.531
    1091.721       12.600      343.672     9822.531
    1092.749        8.800      343.672     9822.531
    1093.774        6.900      343.672     9822.531
    1094.796        7.900      343.672     9822.531
    1095.809        7.900      343.672     9822.531
    1096.823        7.800      343.672     9822.531
    1097.846        7.800      343.672     9822.531
    1098.868        7.800      343.672     9822.531
    1099.893        6.900      343.672     9822.531
    1100.909        8.800      343.672     9822.531
    1101.930       10.800      343.672     9822.531
    1102.952        7.800      343.672     9822.531
    1103.970        7.800      343.672     9822.531
    1105.023        7.600      343.672     9822.531
    1106.040        7.900      343.672     9822.531
    1107.059        7.800      343.672     9822.531
    1108.084        7.800      343.672     9822.531
    1109.110        7.800      343.672     9822.531
    1110.134        9.800      343.672     9822.531
    1111.156        9.800      343.672     9822.531
    1112.173        8.800      343.672     9822.531
    1113.193        6.800      343.672     9822.531
    1114.222        6.900      343.672     9822.531
    1115.246        8.800      343.672     9822.531
    1116.265        8.800      343.672     9822.531
    1117.288        9.700      343.672     9822.531
    1118.315        7.900      343.672     9822.531
    1119.331        8.800      343.672     9822.531
    1120.365       10.700      343.672     9822.531
    1121.380        9.800      343.672     9822.531
    1122.395        7.900      343.672     9822.531
    1123.415        8.800      343.672     9822.531
    1124.432        7.800      343.672     9822.531
    1125.452        7.900      343.672     9822.531
    1126.465       10.900      356.758     9843.797
    1127.478       13.700      365.117     9852.797
    1128.500       11.800      343.680     9822.531
    1129.514        8.800      343.680     9822.531
    1130.537        7.800      343.680     9822.531
    1131.557        8.900      343.680     9822.531
    1132.568        7.800      343.680     9822.531
    1133.589        8.800      343.680     9822.531
    1134.612        7.900      343.680     9822.531
    1135.628        7.900      343.680     9822.531
    1136.643        8.800      343.680     9822.531
    1137.664       11.800      343.680     9822.531
    1138.676        6.800      343.680     9822.531
    1139.702        6.900      343.680     9822.531
    1140.720        8.800      343.680     9822.531
    1141.737        7.900      343.680     9822.531
    1142.755        8.900      343.680     9822.531
    1143.771        7.800      343.680     9822.531
    1144.792        8.800      343.680     9822.531
    1145.812        7.900      343.680     9822.531
    1146.827       14.800      343.680     9822.531
    1147.842        8.800      343.680     9822.531
    1148.864        8.800      343.680     9822.531
    1149.886        7.900      343.680     9822.531
    1150.901        8.900      343.680     9822.531
    1151.916        8.900      343.680     9822.531
    1152.934        7.800      343.680     9822.531
    1153.956        7.900      343.680     9822.531
    1154.974        8.900      343.680     9822.531
    1155.988       75.000      346.500     9822.531
    1157.001        8.800      346.500     9822.531
    1158.020        7.900      346.500     9822.531
    1159.038        8.800      346.500     9822.531
    1160.057        7.900      346.500     9822.531
    1161.073        8.800      346.500     9822.531
    1162.093        6.900      346.500     9822.531
    1163.108        7.900      346.500     9822.531
    1164.122       13.700      346.500     9822.531
    1165.143        7.800      346.500     9822.531
    1166.165        8.800      346.500     9822.531
    1167.186        8.800      346.500     9822.531
    1168.204        8.700      346.500     9822.531
    1169.235        9.800      346.500     9822.531
    1170.250        7.900      346.500     9822.531
    1171.265        6.900      346.500     9822.531
    1172.279        8.800      346.500     9822.531
    1173.303       65.500      348.305     9822.531
    1174.328        7.800      348.305     9822.531
    1175.348        7.900      348.305     9822.531
    1176.367        8.900      348.305     9822.531
    1177.384        7.900      348.305     9822.531
    1178.400        7.800      348.305     9822.531
    1179.429       10.700      348.305     9822.531
    1180.454        7.900      348.305     9822.531
    1181.470        6.900      348.305     9822.531
    1182.491       11.700      348.305     9822.531
    1183.518        6.800      348.305     9822.531
    1184.537        7.900      348.305     9822.531
    1185.555        8.900      348.305     9822.531
    1186.573        7.900      348.305     9822.531
    1187.589        7.900      348.305     9822.531
    1188.604        6.900      348.305     9822.531
    1189.622        8.800      348.305     9822.531
    1190.642       65.000      348.305     9822.531
    1191.655        7.800      348.305     9822.531
    1192.685        7.800      348.305     9822.531
    1193.707        8.900      348.305     9822.531
    1194.725        7.900      348.305     9822.531
    1195.741        9.800      348.305     9822.531
    1196.762        8.800      348.305     9822.531
    1197.780        6.800      348.305     9822.531
    1198.804        9.800      348.305     9822.531
    1199.827        7.800      348.305     9822.531
    1200.852        7.800      348.305     9822.531
    1201.872        7.900      348.305     9822.531
    1202.891        8.800      348.305     9822.531
    1203.912        8.900      348.305     9822.531
    1204.926        7.800      348.305     9822.531
    1205.950        8.800      348.305     9822.531
    1206.973       65.600      348.305     9822.531
    1207.993        6.900      348.305     9822.531
    1209.014        7.800      348.305     9822.531
    1210.038        9.800      348.305     9822.531
    1211.058        6.900      348.305     9822.531
    1212.077        9.900      348.305     9822.531
    1213.092        7.800      348.305     9822.531
    1214.113       11.800      348.305     9822.531
    1215.131       12.700      348.309     9822.531
    1216.156        7.800      348.309     9822.531
    1217.181        9.800      348.309     9822.531
    1218.205        7.900      348.309     9822.531
    1219.224        8.800      348.309     9822.531
    1220.241        7.800      348.309     9822.531
    1221.263        7.900      348.309     9822.531
    1222.280        6.800      348.309     9822.531
    1223.306       64.700      348.309     9822.531
    1224.327        8.800      348.309     9822.531
    1225.345        7.800      348.309     9822.531
    1226.365        8.900      348.309     9822.531
    1227.382        7.900      348.309     9822.531
    1228.400        8.800      348.309     9822.531
    1229.421        9.800      348.309     9822.531
    1230.443        7.800      348.309     9822.531
    1231.465       11.700      348.309     9822.531
    1232.485        6.900      348.309     9822.531
    1233.505        8.900      348.309     9822.531
    1234.521        9.800      348.309     9822.531
    1235.541        7.800      348.309     9822.531
    1236.569        9.800      348.309     9822.531
    1237.588        7.800      348.309     9822.531
    1238.613        6.900      348.309     9822.531
    1239.630       56.000      348.309     9822.531
    1240.648        6.800      348.309     9822.531
    1241.672        8.800      348.309     9822.531
    1242.687        7.800      348.309     9822.531
    1243.718        8.800      348.309     9822.531
    1244.735        7.900      348.309     9822.531
    1245.751        8.900      348.309     9822.531
    1246.768        7.800      348.309     9822.531
    1247.789       11.700      348.309     9822.531
    1248.813        8.900      348.309     9822.531
    1249.836        7.800      348.309     9822.531
    1250.856        8.800      348.309     9822.531
    1251.875        6.900      348.309     9822.531
    1252.891        2.000      348.309     9822.531
    1253.912        5.900      348.309     9822.531
    1254.931        6.900      348.309     9822.531
    1255.946        6.900      348.309     9822.531
    1256.961       66.400      348.309     9822.531
    1257.991        8.800      348.309     9822.531
    1259.004        6.900      348.309     9822.531
    1260.018        7.900      348.309     9822.531
    1261.034        9.700      348.309     9822.531
    1262.061        7.800      348.309     9822.531
    1263.089        8.800      348.309     9822.531
    1264.112        8.900      348.309     9822.531
    1265.129       10.700      348.309     9822.531
    1266.159        7.800      348.309     9822.531
    1267.180        8.800      348.309     9822.531
    1268.205        7.800      348.309     9822.531
    1269.222        9.800      348.309     9822.531
    1270.239        7.800      348.309     9822.531
    1271.263        7.800      348.309     9822.531
    1272.287        7.900      348.309     9822.531
    1273.308       63.700      348.309     9822.531
    1274.326        7.800      348.309     9822.531
    1275.347        8.900      348.309     9822.531
    1276.363        7.800      348.309     9822.531
    1277.384        6.900      348.309     9822.531
    1278.399       10.800      348.309     9822.531
    1279.422        6.800      348.309     9822.531
    1280.448        9.900      348.309     9822.531
    1281.462        9.800      348.309     9822.531
    1282.483        7.800      348.309     9822.531
    1283.512        7.800      348.309     9822.531
    1284.540        9.800      348.309     9822.531
    1285.567        8.900      348.309     9822.531
    1286.585        8.800      348.309     9822.531
    1287.608        7.800      348.309     9822.531
    1288.633       35.500      348.309     9822.531
    1289.648       46.200      348.309     9822.531
    1290.666        8.800      348.309     9822.531
    1291.689        6.800      348.309     9822.531
    1292.714        8.700      348.309     9822.531
    1293.741        7.800      348.309     9822.531
    1294.761        9.700      348.309     9822.531
    1295.792        8.700      348.309     9822.531
    1296.816        9.900      348.309     9822.531
    1297.836        7.800      348.309     9822.531
    1298.860        8.800      348.309     9822.531
    1299.881        9.800      348.309     9822.531
    1300.898        8.900      348.309     9822.531
    1301.914        6.900      348.309     9822.531
    1302.933        8.800      348.309     9822.531
    1303.953       69.700      348.309     9822.531
    1304.972        8.800      348.309     9822.531
    1305.989        6.800      348.309     9822.531
    1307.015        8.800      348.309     9822.531
    1308.033        7.800      348.309     9822.531
    1309.060        7.900      348.309     9822.531
    1310.073        8.800      348.309     9822.531
    1311.098        9.800      348.309     9822.531
    1312.115        9.700      348.309     9822.531
    1313.142        6.900      348.309     9822.531
    1314.164        7.800      348.309     9822.531
    1315.184        9.900      348.309     9822.531
    1316.198        6.900      348.309     9822.531
    1317.219        6.800      348.309     9822.531
    1318.243       70.500      348.309     9822.531
    1319.264        8.800      348.309     9822.531
    1320.284        8.900      348.309     9822.531
    1321.299        7.900      348.309     9822.531
    1322.314        7.900      348.309     9822.531
    1323.330        6.900      348.309     9822.531
    1324.350        8.800      348.309     9822.531
    1325.373       11.700      348.309     9822.531
    1326.397        8.800      348.309     9822.531
    1327.417        7.900      348.309     9822.531
    1328.433        6.900      348.309     9822.531
    1329.449        9.800      348.309     9822.531
    1330.468        7.800      348.309     9822.531
    1331.497        6.800      348.309     9822.531
    1332.523       55.500      348.309     9822.531
    1333.547       29.400      348.309     9822.531
    1334.567        7.800      348.309     9822.531
    1335.591        9.800      348.309     9822.531
    1336.614        7.900      348.309     9822.531
    1337.630        7.800      348.309     9822.531
    1338.658        6.900      348.309     9822.531
    1339.674        7.900      348.309     9822.531
    1340.688        9.800      348.309     9822.531
    1341.711        6.900      348.309     9822.531
    1342.726        8.800      348.309     9822.531
    1343.743        7.900      348.309     9822.531
    1344.757        8.900      348.309     9822.531
    1345.771        6.800      348.309     9822.531
    1346.793       52.600      348.309     9822.531
    1347.821       30.300      348.309     9822.531
    1348.845        6.800      348.309     9822.531
    1349.874        8.900      348.309     9822.531
    1350.885        7.900      348.309     9822.531
    1351.899        8.800      348.309     9822.531
    1352.920        8.900      348.309     9822.531
    1353.935       14.700      348.309     9822.531
    1354.955        7.900      348.309     9822.531
    1355.973        9.700      348.309     9822.531
    1356.999        6.900      348.523     9822.531
    1358.015        8.800      348.523     9822.531
    1359.038        7.800      348.523     9822.531
    1360.060        7.900      348.523     9822.531
    1361.086       72.000      348.523     9822.531
    1362.112        7.700      348.523     9822.531
    1363.141        9.800      348.523     9822.531
    1364.171        7.800      348.523     9822.531
    1365.190        7.800      348.523     9822.531
    1366.213        7.800      348.523     9822.531
    1367.237        8.800      348.523     9822.531
    1368.261       10.800      348.523     9822.531
    1369.280        8.800      348.523     9822.531
    1370.306        7.900      348.523     9822.531
    1371.323        6.900      348.523     9822.531
    1372.337        9.800      348.523     9822.531
    1373.355        7.800      348.523     9822.531
    1374.379        9.900      348.523     9822.531
    1375.395       79.500      348.523     9822.531
    1376.412        8.800      348.523     9822.531
    1377.431        7.800      348.523     9822.531
    1378.453        7.900      348.523     9822.531
    1379.467        6.900      348.523     9822.531
    1380.490        5.900      348.523     9822.531
    1381.504       12.700      348.523     9822.531
    1382.530        6.800      348.523     9822.531
    1383.556        7.800      348.523     9822.531
    1384.582        8.800      348.523     9822.531
    1385.601        8.800      348.523     9822.531
    1386.626        8.800      348.523     9822.531
    1387.647        7.800      348.523     9822.531
    1388.671       77.600      349.891     9822.531
    1389.690        8.800      352.469     9822.531
    1390.708        8.800      352.469     9822.531
    1391.733        7.900      352.469     9822.531
    1392.749        8.900      352.469     9822.531
    1393.766        7.800      352.469     9822.531
    1394.792       11.800      352.469     9822.531
    1395.807        9.700      352.469     9822.531
    1396.833        6.800      352.469     9822.531
    1397.864        7.800      352.469     9822.531
    1398.883        7.900      352.469     9822.531
    1399.900        7.900      352.469     9822.531
    1400.913        8.800      352.469     9822.531
    1401.937       30.200      352.469     9822.531
    1402.963       56.000      352.469     9822.531
    1403.981        6.900      352.469     9822.531
    1404.995        8.900      352.469     9822.531
    1406.012        8.800      352.469     9822.531
    1407.033        8.900      352.469     9822.531
    1408.046        8.800      352.469     9822.531
    1409.073       10.800      352.469     9822.531
    1410.096        8.800      352.469     9822.531
    1411.116        7.900      352.469     9822.531
    1412.131        7.800      352.469     9822.531
    1413.156        8.900      352.469     9822.531
    1414.171        8.800      352.469     9822.531
    1415.197        7.800      352.469     9822.531
    1416.222       74.800      352.469     9822.531
    1417.238        7.900      352.469     9822.531
    1418.256        8.800      352.469     9822.531
    1419.279        8.800      352.469     9822.531
    1420.298        6.900      352.469     9822.531
    1421.311        7.900      352.469     9822.531
    1422.330        9.800      352.469     9822.531
    1423.347       10.800      352.469     9822.531
    1424.366        7.800      352.469     9822.531
    1425.385        7.800      352.469     9822.531
    1426.409        7.900      352.469     9822.531
    1427.428        7.900      352.469     9822.531
    1428.443        8.900      352.469     9822.531
    1429.460       80.700      352.469     9822.531
    1430.478        8.800      352.469     9822.531
    1431.500        8.800      352.469     9822.531
    1432.518        8.800      352.469     9822.531
    1433.539        6.800      352.469     9822.531
    1434.563        7.900      352.469     9822.531
    1435.578        9.900      352.469     9822.531
    1436.591       11.800      352.469     9822.531
    1437.609        8.800      352.469     9822.531
    1438.627        8.800      352.469     9822.531
    1439.648        8.900      352.469     9822.531
    1440.664        7.900      352.469     9822.531
    1441.683        8.800      352.469     9822.531
    1442.702        7.800      352.469     9822.531
    1443.727       77.600      356.262     9822.531
    1444.744        8.800      360.387     9822.531
    1445.767        8.800      360.387     9822.531
    1446.789        7.800      360.387     9822.531
    1447.808        7.800      360.387     9822.531
    1448.834        8.800      360.387     9822.531
    1449.852        8.800      360.387     9822.531
    1450.871        8.900      360.387     9822.531
    1451.888        7.800      360.387     9822.531
    1452.911        9.700      360.387     9822.531
    1453.939        6.900      360.387     9822.531
    1454.954        8.800      360.387     9822.531
    1455.979        7.800      360.387     9822.531
    1457.000       89.600      360.645     9822.531
    1458.016        8.800      360.645     9822.531
    1459.034        7.900      360.645     9822.531
    1460.050        8.800      360.645     9822.531
    1461.078        7.800      360.645     9822.531
    1462.092        8.800      360.645     9822.531
    1463.112        9.800      360.645     9822.531
    1464.128       10.700      360.645     9822.531
    1465.155        6.900      360.645     9822.531
    1466.169        8.800      360.645     9822.531
    1467.186        8.800      360.645     9822.531
    1468.206        7.800      360.645     9822.531
    1469.233        8.800      360.645     9822.531
    1470.253        6.900      360.645     9822.531
    1471.270        8.900      360.645     9822.531
    1472.285       78.900      360.645     9822.531
    1473.312        9.800      360.645     9822.531
    1474.332        7.800      360.645     9822.531
    1475.357        7.800      360.645     9822.531
    1476.379        8.900      360.645     9822.531
    1477.394        7.900      360.645     9822.531
    1478.413        8.900      360.645     9822.531
    1479.428       12.700      360.645     9822.531
    1480.454        8.900      360.645     9822.531
    1481.468        6.900      360.645     9822.531
    1482.496        8.800      360.645     9822.531
    1483.517        7.900      360.645     9822.531
    1484.533       10.700      360.645     9822.531
    1485.560        8.800      360.645     9822.531
    1486.584       19.600      360.645     9822.531
    1487.602       71.100      364.730     9822.531
    1488.616        7.800      364.730     9822.531
    1489.637        8.900      364.730     9822.531
    1490.652        7.800      364.730     9822.531
    1491.675        8.800      364.730     9822.531
    1492.696        6.800      364.730     9822.531
    1493.719       10.800      364.730     9822.531
    1494.732        8.800      364.730     9822.531
    1495.756        8.800      364.730     9822.531
    1496.780        7.800      364.730     9822.531
    1497.796        6.900      364.730     9822.531
    1498.810        8.800      364.730     9822.531
    1499.827        8.800      364.730     9822.531
